1 0.5403439156250001 0.2251984125 0.5459656078124999 0.2229662703125 0.5519179890625 0.21800595312499998 0.5558862437500001 0.20882936562499999 0.5446428578125 0.20585317500000003 0.5327380953125 0.2078373015625 0.528108465625 0.21180555625 0.5228174609375 0.2202380953125 0.5221560843749999 0.22445436562499999 0.5244709000000001 0.22569444375 0.53108465625 0.2266865078125 0.5403439156250001 0.2251984125
1 0.8369709000000001 0.11929563437499999 0.8614417984375 0.11061507968749999 0.8644179890625001 0.1073908734375 0.8644179890625001 0.103174603125 0.8607804234374999 0.09895833281250001 0.8624338625 0.0957341265625 0.8607804234374999 0.0922619046875 0.8581349203125 0.091269840625 0.853174603125 0.0917658734375 0.8485449734375001 0.093998015625 0.8455687828125 0.093501984375 0.840939153125 0.094494046875 0.8300264546875 0.09895833281250001 0.8244047625 0.10342261875 0.8250661375 0.10639880937499999 0.8207671953125001 0.11259920625 0.8201058203124999 0.11582341249999999 0.822089946875 0.11904761875 0.83134920625 0.1202876984375 0.8369709000000001 0.11929563437499999
1 0.8855820109374999 0.22594246093749998 0.8875661375 0.22445436562499999 0.8875661375 0.21626984062500001 0.8769841265625 0.2053571421875 0.874338625 0.20585317500000003 0.872354496875 0.2078373015625 0.8733465609375 0.22048611093749998 0.875661375 0.22445436562499999 0.8799603171875001 0.2264384921875 0.8855820109374999 0.22594246093749998
1 0.30588624375 0.3541666671875 0.3121693125 0.349454365625 0.31812169375 0.3474702375 0.3230820109375 0.343998015625 0.32473545000000004 0.3417658734375 0.3244047625 0.337549603125 0.322420634375 0.3358134921875 0.3177910046875 0.3355654765625 0.3121693125 0.33705357187499996 0.30687830625 0.34027777812500004 0.2999338625 0.34052579375 0.29298941875 0.34424603125000003 0.287367725 0.3457341265625 0.284391534375 0.349950396875 0.283730159375 0.35342261875 0.2870370375 0.35590277812500004 0.29398148125 0.35615079375 0.30588624375 0.3541666671875
1 0.48015872968749995 0.497271825 0.4861111109375 0.505704365625 0.4947089953125 0.505704365625 0.5013227515625001 0.4982638890625 0.49768518593750005 0.48239087343750003 0.490740740625 0.4794146828125 0.4854497359375 0.47321428593750003 0.47883597812499995 0.468501984375 0.4765211640625 0.4697420640625 0.4738756609375 0.4742063484375 0.47321428593750003 0.48363095312500004 0.471230159375 0.48660714218749995 0.4672619046875 0.48883928593750003 0.4669312171875 0.49032738125 0.46957672031250003 0.49305555625 0.47453703750000004 0.49578372968749995 0.48015872968749995 0.497271825
1 0.3928571421875 0.48660714218749995 0.396825396875 0.487351190625 0.403769840625 0.4858630953125 0.4077380953125 0.48015872968749995 0.412367725 0.4796626984375 0.41865079375 0.481398809375 0.4242724875 0.48090277812500004 0.42592592656250006 0.47842261875 0.4229497359375 0.471726190625 0.4209656078125 0.4699900796875 0.4203042328125 0.46453372968749995 0.4236111109375 0.459821428125 0.4249338625 0.45535714218749995 0.4236111109375 0.450396825 0.41964285781250005 0.44965277812500004 0.415674603125 0.4513888890625 0.40277777812500004 0.459821428125 0.39451058125 0.4578373015625 0.3888888890625 0.4585813484375 0.3892195765625 0.4640376984375 0.3955026453125 0.47098214218749995 0.3918650796875 0.48040674531249994 0.3928571421875 0.48660714218749995
1 0.35747354531250003 0.5146329359374999 0.3624338625 0.5101686515625 0.3617724875 0.506200396875 0.35747354531250003 0.5 0.3495370375 0.497271825 0.3452380953125 0.4945436515625 0.3416005296875 0.49429563437499996 0.3359788359375 0.49776785781250005 0.328703703125 0.5071924609375 0.32903439218749997 0.5133928578125 0.33267195781250003 0.5146329359374999 0.346560846875 0.5116567453124999 0.35747354531250003 0.5146329359374999
1 0.11243386250000001 0.419394840625 0.1170634921875 0.4206349203125 0.11904761875 0.42237103125 0.125 0.4169146828125 0.12367724843750001 0.41220238125 0.1144179890625 0.40674603125 0.10681216874999999 0.4072420640625 0.103174603125 0.40625 0.0955687828125 0.4072420640625 0.0916005296875 0.4109623015625 0.0916005296875 0.41592261875 0.10185185156250001 0.42113095312500004 0.1078042328125 0.42113095312500004 0.11243386250000001 0.419394840625
1 0.47883597812499995 0.1515376984375 0.49140211562499997 0.1428571421875 0.49140211562499997 0.1383928578125 0.49007936562500004 0.1364087296875 0.4861111109375 0.1351686515625 0.48015872968749995 0.13740079375 0.4738756609375 0.1383928578125 0.465939153125 0.14781746093749998 0.46527777812500004 0.150545634375 0.46660052968750004 0.1525297625 0.47453703750000004 0.153273809375 0.47883597812499995 0.1515376984375
1 0.947089946875 0.0329861109375 0.95568783125 0.0295138890625 0.9609788359375001 0.02529761875 0.9613095234375001 0.021329365625 0.9576719578124999 0.01884920625 0.9510582015625 0.018601190625 0.947089946875 0.0171130953125 0.9384920640625 0.018601190625 0.9365079359375 0.0198412703125 0.9361772484375 0.0292658734375 0.9388227515625 0.031994046875 0.9424603171875001 0.0329861109375 0.947089946875 0.0329861109375
1 0.5535714281249999 0.409226190625 0.558862434375 0.40054563437499996 0.55654761875 0.3953373015625 0.552910053125 0.393601190625 0.5446428578125 0.393353175 0.5403439156250001 0.3978174609375 0.5403439156250001 0.4012896828125 0.5446428578125 0.40997023749999995 0.549603175 0.41021825468750006 0.5535714281249999 0.409226190625
1 0.6117724875 0.41344246093750003 0.615079365625 0.41220238125 0.61871693125 0.40823412656249997 0.6173941796875 0.40426587343750003 0.6114417984375 0.4015376984375 0.60648148125 0.40203372968749995 0.6018518515625 0.40426587343750003 0.6011904765625 0.40575396875 0.6008597890625 0.40823412656249997 0.6025132281250001 0.41195436562500004 0.6071428578125 0.41344246093750003 0.6117724875 0.41344246093750003
1 0.3978174609375 0.57217261875 0.40244709062500006 0.5647321421875 0.40211640156249995 0.556299603125 0.40046296249999996 0.5538194437499999 0.383597884375 0.5602678578125 0.3700396828125 0.5558035718750001 0.36607142812500004 0.55654761875 0.365079365625 0.5585317453124999 0.3647486765625 0.5602678578125 0.3726851859375 0.5706845234375 0.387896825 0.5736607140625 0.3978174609375 0.57217261875
1 0.42757936562500004 0.6941964281249999 0.4298941796875 0.6892361109375 0.427910053125 0.684523809375 0.424603175 0.6820436515625 0.40410052968750004 0.669146825 0.400132275 0.6679067453124999 0.3955026453125 0.668402778125 0.39252645468749997 0.6676587296875 0.390542328125 0.66865079375 0.3892195765625 0.6698908734375 0.396825396875 0.6800595234375 0.4236111109375 0.6949404765625 0.42757936562500004 0.6941964281249999
1 0.40410052968750004 0.7480158734375 0.403439153125 0.74404761875 0.39748677187500003 0.7408234125 0.3888888890625 0.7423115078125 0.38161375625 0.7450396828125 0.3796296296875 0.747271825 0.38095238125 0.752480159375 0.387896825 0.7537202375 0.40046296249999996 0.7522321421875 0.40410052968750004 0.7480158734375
1 0.372354496875 0.818204365625 0.3736772484375 0.8102678578125 0.3710317453125 0.80654761875 0.36375661406250004 0.8053075390625001 0.35747354531250003 0.8082837296875001 0.35615079375 0.8105158734375 0.35582010625 0.8144841265625 0.36044973593749996 0.8179563484375001 0.3677248671875 0.8199404765624999 0.372354496875 0.818204365625
1 0.4623015875 0.841021825 0.4632936515625 0.8365575390625001 0.4609788359375 0.8293650796875 0.45502645468749997 0.8268849203125 0.4507275125 0.8268849203125 0.44609788437500003 0.828869046875 0.44444444375 0.8320932546875 0.44477513281250003 0.83779761875 0.4507275125 0.8422619046875001 0.45535714218749995 0.84325396875 0.4623015875 0.841021825
1 0.58101851875 0.8501984125 0.583994709375 0.849454365625 0.590277778125 0.8526785718750001 0.5955687828125 0.859623015625 0.6008597890625 0.8606150796875 0.6028439156250001 0.85987103125 0.6044973546875 0.8554067453125 0.6074735453125 0.85342261875 0.6084656078124999 0.8454861109375 0.6071428578125 0.841021825 0.5995370375 0.8323412703124999 0.5952380953125 0.8291170640625 0.590608465625 0.82762896875 0.584325396875 0.8291170640625 0.577711640625 0.833829365625 0.5744047625 0.849454365625 0.5707671953125 0.849950396875 0.56845238125 0.8457341265625 0.5667989421875 0.849454365625 0.5664682546875001 0.85342261875 0.56812169375 0.8551587296875001 0.5767195765625 0.8544146828124999 0.58101851875 0.8501984125
1 0.559854496875 0.7418154765625 0.561838625 0.7390873015625 0.5615079359374999 0.7353670640625001 0.559523809375 0.7326388890625 0.55687830625 0.73115079375 0.5486111109375 0.7301587296875 0.5449735453125 0.72842261875 0.5456349203124999 0.7361111109375 0.5486111109375 0.7408234125 0.552579365625 0.743799603125 0.559854496875 0.7418154765625
1 0.0486111109375 0.15029761875 0.056216931250000005 0.149553571875 0.059193121875 0.14781746093749998 0.0608465609375 0.14236111093749998 0.056547618749999994 0.1331845234375 0.0515873015625 0.127728175 0.0482804234375 0.1262400796875 0.040343915625 0.125 0.034722221875 0.1262400796875 0.03174603125 0.1304563484375 0.0300925921875 0.1426091265625 0.033730159375 0.14657738125 0.037037037499999995 0.1480654765625 0.0486111109375 0.15029761875
1 0.3144841265625 0.296626984375 0.31679894218750004 0.29017857187499996 0.3138227515625 0.2832341265625 0.3101851859375 0.2790178578125 0.302579365625 0.27777777812500004 0.30026454999999996 0.28025793593750004 0.297619046875 0.287450396875 0.297619046875 0.29241071406249997 0.302579365625 0.29737103125000003 0.3105158734375 0.29786706406249996 0.3144841265625 0.296626984375
0 0.1825396828125 0.434523809375 0.18683862499999998 0.440476190625 0.1851851859375 0.44320436562500004 0.1732804234375 0.4424603171875 0.15410052968750002 0.446428571875 0.153439153125 0.4479166671875 0.15839947031249998 0.450148809375 0.1640211640625 0.45114087343750003 0.1706349203125 0.45089285781250005 0.178571428125 0.4521329359375 0.1795634921875 0.45659722187499996 0.1772486765625 0.46279761875 0.18121693125 0.4675099203125 0.1855158734375 0.4697420640625 0.19312169375 0.4704861109375 0.197089946875 0.468998015625 0.2017195765625 0.46924603125 0.208664021875 0.4677579359375 0.215277778125 0.46949404687499996 0.2175925921875 0.47445436562500004 0.21296296250000002 0.47842261875 0.21296296250000002 0.4856150796875 0.21891534375 0.493799603125 0.22056878281249997 0.4990079359375 0.2242063484375 0.5022321421875 0.22850529062499997 0.5017361109375 0.23115079375 0.49925595312500004 0.23611111093749998 0.49801587343750003 0.24007936562499999 0.4947916671875 0.24107142812500001 0.48834325468750006 0.246693121875 0.47718253906249997 0.24933862499999998 0.47569444375 0.259589946875 0.47321428593750003 0.2619047625 0.46949404687499996 0.27017195781250003 0.4637896828125 0.2896825390625 0.4583333328125 0.29596560781250003 0.45510912656249997 0.29398148125 0.453125 0.278769840625 0.450148809375 0.2671957671875 0.443700396875 0.2625661375 0.44320436562500004 0.252976190625 0.44742063437499996 0.25099206406249996 0.450644840625 0.24933862499999998 0.459325396875 0.2486772484375 0.46006944375 0.24503968281250002 0.4595734125 0.2331349203125 0.44990079375 0.23048941875 0.44593253906249997 0.2298280421875 0.44196428593750003 0.23247354531250003 0.4322916671875 0.23148148124999998 0.42757936562500004 0.22486772500000002 0.41865079375 0.22056878281249997 0.415674603125 0.197089946875 0.40625 0.19345238125 0.406001984375 0.1851851859375 0.40302579375 0.1617063484375 0.4012896828125 0.15641534375 0.40228174531249994 0.153108465625 0.4045138890625 0.1521164015625 0.40848214218749995 0.15839947031249998 0.41964285781250005 0.1696428578125 0.4298115078125 0.1825396828125 0.434523809375
0 0.40211640156249995 0.331101190625 0.39318783125 0.337549603125 0.39252645468749997 0.3417658734375 0.39384920625 0.343501984375 0.4117063484375 0.356646825 0.41931216875 0.3571428578125 0.42757936562500004 0.3608630953125 0.4424603171875 0.3732638890625 0.4540343921875 0.38616071406249997 0.46164021093749996 0.40054563437499996 0.4636243390625 0.4079861109375 0.4675925921875 0.4154265875 0.4705687828125 0.43377976250000005 0.4751984125 0.43973214218749995 0.471891534375 0.446924603125 0.47255290937499994 0.44940476250000005 0.474867725 0.44965277812500004 0.4828042328125 0.43948412656249997 0.48214285781250005 0.43402777812500004 0.4834656078125 0.428075396875 0.4890873015625 0.42757936562500004 0.49768518593750005 0.4236111109375 0.5072751328125 0.4298115078125 0.509589946875 0.43353174531249994 0.515542328125 0.437748015625 0.525132275 0.4484126984375 0.528439153125 0.450148809375 0.534391534375 0.4521329359375 0.541005290625 0.4521329359375 0.5522486765625 0.4481646828125 0.5572089953125 0.44320436562500004 0.55654761875 0.4392361109375 0.546626984375 0.43154761875 0.5257936515625 0.41964285781250005 0.516203703125 0.4117063484375 0.5125661375 0.40426587343750003 0.50628306875 0.40302579375 0.5003306875 0.403769840625 0.49272486718749997 0.40674603125 0.49007936562500004 0.408978175 0.48809523749999995 0.408978175 0.4828042328125 0.406001984375 0.48115079375 0.390873015625 0.4742063484375 0.3769841265625 0.47288359843750005 0.3695436515625 0.4669312171875 0.361855159375 0.45734127031250005 0.3457341265625 0.453042328125 0.31944444375000003 0.4424603171875 0.30555555624999997 0.434523809375 0.30009920625 0.43088624375 0.290674603125 0.4249338625 0.2834821421875 0.41964285781250005 0.2792658734375 0.4166666671875 0.278521825 0.40839947031249996 0.2790178578125 0.400132275 0.2829861109375 0.39649470937500003 0.286954365625 0.4007936515625 0.2894345234375 0.40608465625 0.29017857187499996 0.40839947031249996 0.29241071406249997 0.4242724875 0.29588293593750004 0.4265873015625 0.299355159375 0.41931216875 0.3087797625 0.4140211640625 0.31200396874999997 0.408730159375 0.31299603125000003 0.40410052968750004 0.315476190625 0.37830687812499997 0.3144841265625 0.377976190625 0.318204365625 0.3885582015625 0.32762896874999997 0.4007936515625 0.32762896874999997 0.40211640156249995 0.331101190625
0 0.1498015875 0.6354166671875 0.15410052968750002 0.6354166671875 0.16931216875 0.63095238125 0.1759259265625 0.6314484125 0.18121693125 0.6341765875 0.18584656093750002 0.6388888890625 0.1822089953125 0.6485615078125 0.18121693125 0.66220238125 0.18915343906249998 0.6736111109375 0.19411375625 0.678075396875 0.197420634375 0.684771825 0.20271164062499997 0.6892361109375 0.2053571421875 0.693204365625 0.215277778125 0.7011408734375 0.22056878281249997 0.7043650796875001 0.22585978906249998 0.706101190625 0.22850529062499997 0.7095734125 0.23611111093749998 0.7068452375 0.23941798906249998 0.703373015625 0.24735449687500002 0.6855158734375 0.24801587343749998 0.6736111109375 0.246362434375 0.6703869046875 0.24570105781249998 0.6634424609375 0.247023809375 0.656498015625 0.259589946875 0.6542658734375 0.26521164062499997 0.6520337296875 0.275132275 0.6443452375 0.27678571406249997 0.6393849203124999 0.27678571406249997 0.634424603125 0.2734788359375 0.6269841265625 0.2708333328125 0.6230158734375 0.2632275125 0.6163194437499999 0.2549603171875 0.612847221875 0.24735449687500002 0.6073908734375 0.23379629687499998 0.60615079375 0.227843915625 0.6071428578125 0.2251984125 0.6054067453124999 0.22123015937499999 0.599454365625 0.21263227499999998 0.5927579359374999 0.20701058125 0.5855654765625 0.20634920625 0.575396825 0.20105820156249998 0.5642361109375 0.19411375625 0.556299603125 0.1894841265625 0.5540674609375 0.184854496875 0.5570436515625 0.1755952375 0.5761408734375 0.1765873015625 0.5791170640625001 0.16898148125 0.587549603125 0.16699735468750002 0.5952380953125 0.16898148125 0.6049107140625 0.166005290625 0.61259920625 0.1640211640625 0.615079365625 0.1574074078125 0.6160714281249999 0.1418650796875 0.6207837296875 0.1329365078125 0.6369047625 0.13260582031249998 0.6386408734375 0.134589946875 0.641369046875 0.1385582015625 0.6416170640625001 0.1498015875 0.6354166671875
0 0.2738095234375 0.59970238125 0.2824074078125 0.603670634375 0.291335978125 0.6046626984375 0.2989417984375 0.60987103125 0.30687830625 0.6135912703125 0.31911375625 0.6168154765625 0.322420634375 0.6197916671875 0.328703703125 0.6227678578125 0.33068783125 0.63467261875 0.3359788359375 0.6423611109375 0.3419312171875 0.6470734125 0.34391534375 0.65029761875 0.3449074078125 0.653769840625 0.34391534375 0.6582341265625 0.3455687828125 0.6602182546875001 0.3492063484375 0.661954365625 0.35482804218749997 0.661954365625 0.3647486765625 0.6599702375 0.372354496875 0.6540178578125 0.3796296296875 0.64384920625 0.383597884375 0.6445932546875001 0.39153439218749997 0.65029761875 0.39417989375 0.653769840625 0.39153439218749997 0.6641865078125 0.39252645468749997 0.66865079375 0.397156084375 0.6703869046875 0.40046296249999996 0.668402778125 0.403769840625 0.6649305562500001 0.40410052968750004 0.661954365625 0.409391534375 0.656994046875 0.41071428593750003 0.6542658734375 0.4074074078125 0.637896825 0.412367725 0.6351686515625 0.41600529062499997 0.63095238125 0.41633597812499995 0.622271825 0.422288359375 0.59970238125 0.421957671875 0.5952380953125 0.42394179843749996 0.5892857140625 0.43121693125 0.5798611109375 0.43121693125 0.568204365625 0.428240740625 0.5647321421875 0.4236111109375 0.5637400796875001 0.41964285781250005 0.5647321421875 0.325396825 0.5716765875 0.3105158734375 0.5662202375 0.29100529062499997 0.5625 0.2824074078125 0.56200396875 0.26917989375 0.5642361109375 0.2625661375 0.568700396875 0.259589946875 0.575644840625 0.259259259375 0.5803571421875 0.26124338593749996 0.5860615078125 0.26752645468749997 0.5949900796875001 0.2738095234375 0.59970238125
0 0.528439153125 0.5538194437499999 0.5327380953125 0.55654761875 0.534060846875 0.5605158734375 0.5449735453125 0.57217261875 0.5489417984375 0.5744047625 0.5694444437499999 0.5801091265625 0.5714285718750001 0.5835813484375 0.56845238125 0.58779761875 0.56845238125 0.5925099203124999 0.5671296296875 0.5949900796875001 0.56878306875 0.599454365625 0.5667989421875 0.6021825390625 0.5677910046875 0.6071428578125 0.5671296296875 0.61259920625 0.5605158734375 0.611855159375 0.5605158734375 0.6111111109375 0.55654761875 0.6113591265625 0.5512566140625 0.606894840625 0.5489417984375 0.60615079375 0.54332010625 0.606894840625 0.5370370375 0.6026785718750001 0.51884920625 0.6021825390625 0.509920634375 0.60342261875 0.5079365078125 0.6051587296875 0.500661375 0.6071428578125 0.49768518593750005 0.609126984375 0.4867724875 0.6113591265625 0.48181216875 0.6111111109375 0.48082010625000005 0.6130952375 0.477513228125 0.615079365625 0.48115079375 0.619295634375 0.48247354531250003 0.6232638890625 0.4861111109375 0.625 0.490410053125 0.624255953125 0.4947089953125 0.62549603125 0.49768518593750005 0.6240079359374999 0.5115740734374999 0.6235119046875 0.537367725 0.6240079359374999 0.5519179890625 0.625744046875 0.559854496875 0.6299603171875 0.5601851859375 0.6423611109375 0.5664682546875001 0.6572420640625001 0.5677910046875 0.674603175 0.5667989421875 0.6773313484375 0.5615079359374999 0.681299603125 0.5605158734375 0.68700396875 0.5572089953125 0.6884920640625001 0.5515873015625 0.6892361109375 0.5548941796875 0.6922123015625 0.552579365625 0.6959325390625 0.55026455 0.69717261875 0.5552248671875 0.7002728171875 0.55621693125 0.706101190625 0.5542328046875 0.7105654765625 0.5505952375 0.7113095234375 0.549603175 0.71279761875 0.553240740625 0.7137896828125 0.5578703703125 0.7113095234375 0.5585317453124999 0.7083333328125 0.561838625 0.7046130953125 0.5677910046875 0.702876984375 0.5694444437499999 0.7048611109375 0.5727513234375 0.7048611109375 0.5757275125 0.7011408734375 0.587632275 0.693204365625 0.591269840625 0.6894841265625 0.5955687828125 0.6810515875 0.6392195765625 0.6547619046875 0.6425264546875 0.655505953125 0.64384920625 0.653769840625 0.6481481484375 0.6522817453124999 0.6484788359375 0.6495535718750001 0.6471560843749999 0.6473214281249999 0.6425264546875 0.6448412703125 0.6375661375 0.6455853171875 0.634920634375 0.6448412703125 0.6326058203125 0.6421130953125 0.6266534390625 0.64112103125 0.6236772484374999 0.6423611109375 0.6183862437500001 0.64012896875 0.61937830625 0.6304563484375 0.621693121875 0.6267361109375 0.6160714281249999 0.619295634375 0.5995370375 0.6111111109375 0.596230159375 0.61259920625 0.59391534375 0.612351190625 0.5899470906250001 0.609375 0.5856481484375 0.6026785718750001 0.583994709375 0.5954861109375 0.58167989375 0.5927579359374999 0.58101851875 0.5830853171875 0.5823412703125 0.577380953125 0.5873015875 0.57217261875 0.5916005296875 0.5706845234375 0.5958994703125 0.5605158734375 0.5955687828125 0.55282738125 0.591269840625 0.5488591265625 0.5859788359375 0.5448908734375 0.5727513234375 0.5389384921875 0.5677910046875 0.5389384921875 0.55026455 0.5426587296875 0.5208333328125 0.5426587296875 0.5105820109375 0.5448908734375 0.5135582015625 0.5488591265625 0.5198412703125 0.5488591265625 0.521494709375 0.5520833328125 0.528439153125 0.5538194437499999
0 0.622023809375 0.5302579359374999 0.6236772484374999 0.5349702375 0.622354496875 0.5396825390625 0.6173941796875 0.5431547625 0.615079365625 0.5486111109375 0.6164021156249999 0.565228175 0.61871693125 0.5716765875 0.61937830625 0.580605159375 0.6236772484374999 0.59424603125 0.6203703703125 0.6029265875 0.6203703703125 0.6073908734375 0.6226851859375 0.6103670640625001 0.6253306875 0.6113591265625 0.63062169375 0.6113591265625 0.6332671953125 0.609126984375 0.64351851875 0.6073908734375 0.64318783125 0.6054067453124999 0.6498015875 0.596726190625 0.6541005296875 0.5979662703125 0.65674603125 0.597222221875 0.677579365625 0.5979662703125 0.7013888890625 0.5947420640625001 0.7123015875 0.5979662703125 0.7169312171875 0.5982142859375 0.7208994703125 0.597222221875 0.7261904765625 0.6001984125 0.7301587296875 0.6044146828125 0.7354497359375001 0.6108630953125 0.74371693125 0.625248015625 0.750661375 0.630704365625 0.7632275125 0.6336805562500001 0.7671957671875 0.6393849203124999 0.777777778125 0.64384920625 0.7830687828125 0.6485615078125 0.787367725 0.6498015875 0.79431216875 0.653769840625 0.80687830625 0.653769840625 0.8105158734375 0.652777778125 0.815145503125 0.6473214281249999 0.815806878125 0.638144840625 0.8035714281249999 0.6076388890625 0.7956349203124999 0.6006944437499999 0.7880290999999999 0.58779761875 0.7853835984375 0.5865575390625 0.7797619046875 0.580853175 0.771825396875 0.5761408734375 0.7635582015625 0.568700396875 0.7523148140625 0.5664682546875001 0.7324735453125 0.559027778125 0.7245370375 0.5572916671875 0.7199074078125001 0.5577876984375 0.69378306875 0.5329861109375 0.6977513234375 0.525049603125 0.7017195765625 0.52157738125 0.702711640625 0.5166170640625001 0.7053571421875 0.5141369046875 0.7076719578125 0.509424603125 0.7123015875 0.5044642859375 0.7166005296875 0.5022321421875 0.7166005296875 0.4858630953125 0.712632275 0.4828869046875 0.7046957671875 0.4853670640625 0.6957671953125 0.49007936562500004 0.69345238125 0.5 0.6855158734375 0.5101686515625 0.683862434375 0.5136408734375 0.684193121875 0.51612103125 0.6676587296875 0.5173611109375 0.666005290625 0.51240079375 0.65641534375 0.5076884921875 0.6498015875 0.49801587343750003 0.6418650796875001 0.4923115078125 0.637896825 0.4853670640625 0.6329365078125 0.48115079375 0.628306878125 0.474950396875 0.6246693125 0.46676587343750003 0.6183862437500001 0.46006944375 0.615079365625 0.4518849203125 0.6114417984375 0.45089285781250005 0.60681216875 0.46651785781250005 0.6044973546875 0.49032738125 0.609788359375 0.50049603125 0.61276455 0.5176091265625 0.622023809375 0.5302579359374999
1 0.69345238125 0.6540178578125 0.69378306875 0.6579861109375 0.703703703125 0.674355159375 0.709325396875 0.6803075390625 0.7136243390625 0.6837797625 0.7205687828125 0.6855158734375 0.7238756609375 0.68154761875 0.7242063484375 0.6733630953125 0.722222221875 0.6701388890625 0.7205687828125 0.658730159375 0.7179232796874999 0.6512896828125 0.7129629625 0.6483134921875 0.703373015625 0.64657738125 0.7017195765625 0.64384920625 0.703042328125 0.6416170640625001 0.708664021875 0.6383928578125 0.7099867718749999 0.634424603125 0.7103174609375 0.6299603171875 0.7070105812499999 0.61904761875 0.703042328125 0.615079365625 0.7013888890625 0.6108630953125 0.697089946875 0.606894840625 0.69312169375 0.6071428578125 0.6894841265625 0.61532738125 0.688161375 0.622519840625 0.6888227515625001 0.6334325390625 0.697089946875 0.6450892859375 0.69345238125 0.6540178578125
0 0.728174603125 0.6599702375 0.7268518515625 0.661954365625 0.7278439156250001 0.6654265875 0.7255290999999999 0.6679067453124999 0.7271825390625 0.6803075390625 0.73115079375 0.6852678578125 0.735119046875 0.68700396875 0.7364417984375 0.69072420625 0.7480158734375 0.6951884921875 0.740079365625 0.703373015625 0.7357804234375 0.70362103125 0.7202380953125 0.7165178578125 0.7146164015625 0.724454365625 0.7166005296875 0.7259424609375 0.7242063484375 0.7269345234375 0.734126984375 0.734623015625 0.7354497359375001 0.740079365625 0.734457671875 0.7480158734375 0.740079365625 0.7552083328125 0.7384259265625001 0.77157738125 0.734788359375 0.778769840625 0.734457671875 0.7901785718750001 0.73082010625 0.796626984375 0.728174603125 0.7986111109375 0.7268518515625 0.8023313484375001 0.7298280421875 0.8070436515624999 0.7238756609375 0.8144841265625 0.728505290625 0.815972221875 0.73115079375 0.818204365625 0.75595238125 0.8239087296875001 0.7632275125 0.8209325390625001 0.7738095234375 0.8110119046875001 0.7794312171875 0.8087797625 0.787367725 0.8072916671874999 0.7949735453125 0.809523809375 0.8108465609375 0.81845238125 0.822089946875 0.8293650796875 0.8257275125 0.8303571421875 0.8300264546875 0.8348214281249999 0.833994709375 0.8350694437499999 0.8455687828125 0.840277778125 0.859126984375 0.8392857140625001 0.8617724875 0.83779761875 0.8624338625 0.8303571421875 0.859126984375 0.822420634375 0.85615079375 0.8204365078125001 0.853835978125 0.8169642859374999 0.8544973546874999 0.8137400796875 0.8511904765624999 0.8060515875 0.8419312171875 0.793402778125 0.8303571421875 0.7886904765625 0.8167989421874999 0.778769840625 0.815806878125 0.7748015875 0.81878306875 0.7695932546875001 0.8204365078125001 0.7601686515625 0.8210978843750001 0.747519840625 0.8201058203124999 0.7447916671875 0.8250661375 0.744295634375 0.8270502640625 0.7457837296875 0.840939153125 0.74677579375 0.8449074078125 0.7480158734375 0.8611111109375 0.7477678578125 0.8630952375 0.7460317453124999 0.8697089953124999 0.744295634375 0.8763227515625 0.740079365625 0.8730158734375 0.7356150796875001 0.8611111109375 0.734375 0.85681216875 0.731894840625 0.8541666671874999 0.72470238125 0.8521825390625001 0.708829365625 0.846230159375 0.700644840625 0.847222221875 0.6959325390625 0.859126984375 0.6855158734375 0.86276455 0.6808035718750001 0.8647486765625001 0.677579365625 0.865079365625 0.6733630953125 0.8607804234374999 0.6708829359374999 0.8449074078125 0.6666666671875 0.833664021875 0.6664186515625 0.8260582015625 0.6644345234375 0.815145503125 0.6679067453124999 0.809523809375 0.6679067453124999 0.8042328046874999 0.6708829359374999 0.797619046875 0.671626984375 0.7880290999999999 0.6651785718750001 0.7771164015625 0.6614583328125 0.7635582015625 0.6607142859375 0.7582671953125 0.65947420625 0.75562169375 0.6577380953125 0.7513227515625001 0.6574900796875001 0.7387566140625 0.65029761875 0.7242063484375 0.6498015875 0.7195767203125001 0.6540178578125 0.7202380953125 0.65575396875 0.7235449734375 0.6574900796875001 0.7271825390625 0.6572420640625001 0.728174603125 0.6599702375
0 0.1703042328125 0.7792658734375 0.1759259265625 0.7832341265625 0.1769179890625 0.78720238125 0.178240740625 0.7991071421875 0.1772486765625 0.8010912703124999 0.17361111093749998 0.8035714281249999 0.1696428578125 0.8107638890625 0.16931216875 0.8147321421875 0.17361111093749998 0.818204365625 0.177579365625 0.818700396875 0.18154761875 0.823288690625 0.18088624375 0.833829365625 0.18584656093750002 0.8368055562500001 0.1894841265625 0.8452380953124999 0.1871693125 0.84970238125 0.1732804234375 0.8606150796875 0.1603835984375 0.8839285718750001 0.16071428593749998 0.903273809375 0.159060846875 0.916170634375 0.1643518515625 0.922123015625 0.1696428578125 0.9228670640625 0.1802248671875 0.9198908734375 0.1871693125 0.9141865078125001 0.19378306875 0.9109623015625001 0.20238095312499998 0.9045138890625 0.21064814843750002 0.896329365625 0.21825396874999997 0.8851686515624999 0.2199074078125 0.877728175 0.2199074078125 0.8683035718750001 0.2172619046875 0.8539186515624999 0.21263227499999998 0.84970238125 0.2073412703125 0.8477182546875 0.2017195765625 0.84375 0.1977513234375 0.838045634375 0.1990740734375 0.831597221875 0.2017195765625 0.827380953125 0.20899470937500003 0.824652778125 0.21858465625 0.8147321421875 0.21626984062500001 0.8008432546875 0.21693121718750003 0.797123015625 0.22156084687500002 0.791170634375 0.222222221875 0.7859623015625 0.22056878281249997 0.784226190625 0.2175925921875 0.7854662703125 0.209325396875 0.7859623015625 0.196428571875 0.7854662703125 0.19345238125 0.7879464281249999 0.18816137500000002 0.787450396875 0.18650793593749998 0.7800099203124999 0.1832010578125 0.7740575390625 0.18187830625 0.765625 0.1732804234375 0.7579365078125 0.1696428578125 0.75 0.1620370375 0.7413194437499999 0.159060846875 0.740079365625 0.1574074078125 0.7410714281249999 0.15839947031249998 0.7477678578125 0.165674603125 0.7579365078125 0.1706349203125 0.7673611109375 0.1703042328125 0.7792658734375
0 0.11078042343750001 0.8043154765624999 0.141203703125 0.80282738125 0.15839947031249998 0.7958829359374999 0.1613756609375 0.79092261875 0.165343915625 0.77802579375 0.16865079375 0.77529761875 0.1613756609375 0.7733134921875 0.1418650796875 0.7802579359374999 0.11838624375 0.781498015625 0.103174603125 0.7834821421875 0.0916005296875 0.7886904765625 0.08101851875 0.797123015625 0.07374338593749999 0.7986111109375 0.072089946875 0.8005952375 0.071428571875 0.802579365625 0.07605820156250001 0.8045634921874999 0.0918210984375 0.80282738125 0.11078042343750001 0.8043154765624999
0 0.2055806875 0.7850944937500001 0.224582671875 0.7832343749999999 0.2488174609375 0.775587796875 0.251295965625 0.7832343749999999 0.2504699078125 0.795634425 0.2339460984375 0.80059449375 0.22100264531249997 0.8030744046875 0.21962566093749997 0.8076210312500001 0.21825396874999997 0.8226686515624999 0.21891534375 0.8261408734375 0.22056878281249997 0.82762896875 0.22850529062499997 0.8263888890625 0.2321428578125 0.8241567453125 0.23611111093749998 0.8241567453125 0.24007936562499999 0.82217261875 0.24305555625 0.8179563484375001 0.25099206406249996 0.812748015625 0.2678571421875 0.8070436515624999 0.277447090625 0.809027778125 0.2830687828125 0.812251984375 0.29596560781250003 0.8162202375 0.2982804234375 0.818204365625 0.3108465609375 0.8189484125 0.315145503125 0.8179563484375001 0.3227513234375 0.8142361109375 0.3263888890625 0.8112599203125 0.3373015875 0.7988591265625 0.3363095234375 0.796130953125 0.33399470937500003 0.7953869046875 0.33399470937500003 0.79365079375 0.3416005296875 0.78720238125 0.3578042328125 0.777777778125 0.3607804234375 0.771825396875 0.359126984375 0.7695932546875001 0.353174603125 0.7668650796875001 0.34821428593750003 0.7678571421875 0.3382936515625 0.765625 0.33002645468749997 0.765625 0.325396825 0.7676091265625 0.3174603171875 0.768601190625 0.2946428578125 0.75967261875 0.2830687828125 0.7591765875 0.278769840625 0.756200396875 0.2748015875 0.747519840625 0.2800925921875 0.7385912703125 0.2827380953125 0.7363591265625 0.2870370375 0.7353670640625001 0.2989417984375 0.7294146828125 0.315145503125 0.724454365625 0.3105158734375 0.7199900796875001 0.302579365625 0.7207341265625 0.29100529062499997 0.724950396875 0.2824074078125 0.7301587296875 0.2764550265625 0.7321428578125 0.2741402109375 0.7353670640625001 0.267165675 0.7354419640625001 0.26484920624999997 0.735326140625 0.2605251328125 0.7352103171875 0.2577453703125 0.7334719734374999 0.253730159375 0.7320811015625 0.24122122968749998 0.7267502484375 0.23689715625000002 0.7223462296875 0.2313376328125 0.7093665671875 0.2259325390625 0.71411805625 0.2257781078125 0.7187537203125001 0.2279401453125 0.7224623015625 0.23334523749999997 0.7337036203125 0.23473511875000003 0.737412203125 0.23597056875 0.7389188984375 0.23967691875 0.7405411703125 0.2513227515625 0.7390873015625 0.2516534390625 0.7445436515625 0.24437830625 0.7460317453124999 0.241402115625 0.7482638890625 0.23644179843750002 0.7487599203124999 0.23181216875000002 0.7537202375 0.22486772500000002 0.7569444437499999 0.208664021875 0.759424603125 0.203373015625 0.7619047625 0.18849206406250002 0.762152778125 0.184854496875 0.7609126984375 0.1829986765625 0.7650478671875 0.1822089953125 0.7671130953125 0.1918111765625 0.7809610609375001 0.1931881609375 0.7817876984375001 0.2055806875 0.7850944937500001
0 0.383818453125 0.8974868546874999 0.387896825 0.900049603125 0.3918650796875 0.9047619046875001 0.39748677187500003 0.9047619046875001 0.403769840625 0.9020337296875001 0.4074074078125 0.8948412703124999 0.412367725 0.8958333328125001 0.42129629687500003 0.90674603125 0.424603175 0.919394840625 0.428240740625 0.9236111109375 0.42526454999999996 0.9325396828124999 0.41964285781250005 0.937251984375 0.4169973546875 0.9429563484375001 0.4110449734375 0.9476686515624999 0.40575396875 0.95634920625 0.39649470937500003 0.9667658734375 0.3948412703125 0.9866071421875 0.3984788359375 0.9950396828124999 0.400132275 0.996527778125 0.403439153125 0.997023809375 0.4166666671875 0.994295634375 0.428240740625 0.99404761875 0.43551587343750003 0.9950396828124999 0.44345238125 0.9910714281249999 0.45105820156250004 0.9893353171875001 0.45568783125 0.9858630953124999 0.45734127031250005 0.978670634375 0.4580026453125 0.966021825 0.4546957671875 0.9585813484375001 0.4546957671875 0.952876984375 0.45899470937500003 0.9479166671874999 0.4705687828125 0.9456845234375001 0.4751984125 0.94345238125 0.47453703750000004 0.9389880953124999 0.471230159375 0.938244046875 0.46858465625 0.935019840625 0.4669312171875 0.928075396875 0.465608465625 0.9047619046875001 0.4639550265625 0.8990575390625001 0.459986771875 0.893105159375 0.45502645468749997 0.89012896875 0.4424603171875 0.8886408734375 0.4391534390625 0.8893849203125 0.43551587343750003 0.893105159375 0.43187830624999995 0.8948412703124999 0.4272486765625 0.893353175 0.41898148125 0.8888888890625 0.4140211640625 0.884424603125 0.41335978906250004 0.8804563484375001 0.41633597812499995 0.8732638890625 0.415343915625 0.8645833328125001 0.4117063484375 0.8613591265625 0.4007936515625 0.8603670640625 0.39252645468749997 0.8576388890625 0.384920634375 0.860119046875 0.3769841265625 0.8643353171875001 0.3697089953125 0.8660714281249999 0.3611111109375 0.8665674609374999 0.353174603125 0.8732638890625 0.353174603125 0.8819444437499999 0.35978835937500003 0.887896825 0.36937830625 0.890873015625 0.383818453125 0.8974868546874999
0 0.31812169375 0.978670634375 0.3260582015625 0.9791666671874999 0.3303571421875 0.98115079375 0.33134920625 0.9910714281249999 0.32771164062499997 0.999751984375 0.3611111109375 0.999751984375 0.3611111109375 0.9977678578125 0.35846560781250003 0.9952876984374999 0.3458994703125 0.9898313484375001 0.3425925921875 0.981894840625 0.3422619046875 0.9764384921874999 0.35548941875 0.9675099203125 0.358796296875 0.963045634375 0.359126984375 0.9575892859374999 0.3541666671875 0.9476686515624999 0.3488756609375 0.94072420625 0.3425925921875 0.9357638890625 0.339947090625 0.93154761875 0.333664021875 0.928075396875 0.3293650796875 0.9283234125 0.325396825 0.9300595234375001 0.31349206406249996 0.9375 0.30555555624999997 0.9511408734375 0.30357142812500004 0.9608134921874999 0.3075396828125 0.971478175 0.3108465609375 0.974950396875 0.31812169375 0.978670634375
0 0.6620370375 0.999751984375 0.7179232796874999 0.999751984375 0.721230159375 0.994295634375 0.73115079375 0.984375 0.7427248671875 0.9923115078125001 0.7410714281249999 0.999751984375 0.8518518515625001 0.999751984375 0.8501984125 0.993799603125 0.8326719578124999 0.980902778125 0.802579365625 0.96279761875 0.791335978125 0.9598214281249999 0.7791005296875 0.9546130953124999 0.7119709000000001 0.92137896875 0.7070105812499999 0.9144345234375001 0.7010582015625 0.8983134921874999 0.6927910046875 0.888144840625 0.67526455 0.8819444437499999 0.6706349203124999 0.8821924609374999 0.6676587296875 0.884424603125 0.6706349203124999 0.8926091265625 0.6626984125 0.9895833328125001 0.6603835984375 0.993799603125 0.6620370375 0.999751984375
0 0.5327380953125 0.999751984375 0.634259259375 0.999751984375 0.63128306875 0.9885912703124999 0.6170634921875 0.9756944437499999 0.61276455 0.968998015625 0.6074735453125 0.966021825 0.6005290999999999 0.9667658734375 0.5955687828125 0.9704861109375 0.5919312171875 0.9833829359375 0.5882936515625 0.99032738125 0.5760582015625 0.9806547625 0.56812169375 0.978174603125 0.55621693125 0.9779265875 0.552579365625 0.9794146828124999 0.549603175 0.9821428578125 0.5453042328125 0.9893353171875001 0.5403439156250001 0.994295634375 0.5327380953125 0.9980158734375 0.5327380953125 0.999751984375
1 0 0.4166666671875 0.00661375625 0.4164186515625 0.0175264546875 0.4126984125 0.022486771875 0.40823412656249997 0.0208333328125 0.40054563437499996 0.0175264546875 0.396825396875 0.0135582015625 0.3983134921875 0.008928571875000001 0.3980654765625 0.00595238125 0.3990575390625 0 0.40228174531249994 0 0.4166666671875
1 0.4546957671875 0.7889384921875 0.43948412656249997 0.7948908734375 0.4361772484375 0.797123015625 0.428240740625 0.7988591265625 0.4236111109375 0.80282738125 0.42625661406250004 0.8045634921874999 0.43187830624999995 0.8050595234375001 0.44345238125 0.8013392859374999 0.45535714218749995 0.7951388890625 0.459656084375 0.7948908734375 0.46660052968750004 0.7924107140625 0.4705687828125 0.7886904765625 0.5135582015625 0.77529761875 0.5175264546875 0.77529761875 0.521494709375 0.7757936515625 0.5403439156250001 0.7829861109375 0.590939153125 0.7953869046875 0.5955687828125 0.79737103125 0.61937830625 0.8005952375 0.634259259375 0.8040674609374999 0.696759259375 0.810019840625 0.7080026453125 0.8087797625 0.7129629625 0.809771825 0.71891534375 0.8082837296875001 0.721891534375 0.8033234125 0.7205687828125 0.8015873015625001 0.700396825 0.8008432546875 0.6888227515625001 0.7986111109375 0.659060846875 0.796875 0.6352513234375 0.7929067453124999 0.6266534390625 0.7899305562500001 0.6164021156249999 0.7889384921875 0.5992063484375 0.7854662703125 0.5919312171875 0.7827380953125 0.5763888890625 0.78125 0.5522486765625 0.7745535718750001 0.5367063484375 0.7678571421875 0.521825396875 0.765376984375 0.5195105812499999 0.763144840625 0.5039682546875001 0.724454365625 0.4947089953125 0.6894841265625 0.487103175 0.6696428578125 0.4831349203125 0.6475694437499999 0.47982804218749997 0.6386408734375 0.47718253906249997 0.6185515875 0.4742063484375 0.612351190625 0.4705687828125 0.596478175 0.4675925921875 0.5920138890625 0.46164021093749996 0.5615079359374999 0.45667989374999995 0.52529761875 0.45667989374999995 0.502728175 0.4613095234375 0.49032738125 0.46428571406249997 0.4704861109375 0.4675925921875 0.46676587343750003 0.4681352515625 0.45567881874999994 0.45753174531249996 0.46257514843749997 0.45753174531249996 0.47053224218749995 0.44763558124999997 0.51456175625 0.49358300312500003 0.73374925625 0.5056001984375 0.7618645828124999 0.484788359375 0.7735615078125 0.478174603125 0.7762896828125 0.4735449734375 0.7795138890625 0.46296296249999996 0.7829861109375 0.4546957671875 0.7889384921875