1 0.6259920640625001 0.5171130953125 0.627645503125 0.5220734125 0.624338625 0.5329861109375 0.6259920640625001 0.537450396875 0.6296296296875 0.5386904765625 0.6352513234375 0.536954365625 0.63723545 0.5334821421875 0.63723545 0.5292658734375 0.64417989375 0.5200892859375 0.6580687828125 0.518105159375 0.6640211640625 0.5136408734375 0.6617063484375 0.5091765875 0.6583994703125 0.5079365078125 0.653769840625 0.5086805562500001 0.6494709000000001 0.505704365625 0.6474867718749999 0.5017361109375 0.6484788359375 0.497519840625 0.646164021875 0.4950396828125 0.6425264546875 0.49429563437499996 0.6359126984375 0.49801587343750003 0.63723545 0.5019841265625 0.6355820109375 0.5047123015625 0.63062169375 0.5066964281249999 0.6197089953125 0.50595238125 0.6081349203124999 0.5037202375 0.6025132281250001 0.5054563484375 0.603835978125 0.509424603125 0.6081349203124999 0.512152778125 0.61276455 0.5141369046875 0.6259920640625001 0.5171130953125
1 0.533730159375 0.5803571421875 0.5324074078125001 0.5768849203124999 0.5294312171875 0.575148809375 0.5208333328125 0.5744047625 0.515211640625 0.575644840625 0.5138888890625 0.5768849203124999 0.5145502640624999 0.581597221875 0.5205026453125 0.583829365625 0.53075396875 0.5828373015625 0.533730159375 0.5803571421875
1 0.3551587296875 0.7279265875 0.359457671875 0.7269345234375 0.365079365625 0.7239583328125 0.3753306875 0.71279761875 0.36937830625 0.7113095234375 0.3630952375 0.7118055562500001 0.3492063484375 0.7108134921875 0.340939153125 0.7145337296875 0.333664021875 0.7145337296875 0.32903439218749997 0.716021825 0.328373015625 0.7209821421875 0.3333333328125 0.724950396875 0.3429232796875 0.7254464281249999 0.3551587296875 0.7279265875
1 0.134920634375 0.599454365625 0.1382275125 0.5974702375 0.1392195765625 0.5947420640625001 0.1352513234375 0.5927579359374999 0.128637565625 0.59325396875 0.09953703750000001 0.6014384921875 0.096891534375 0.60342261875 0.097552909375 0.6071428578125 0.1074735453125 0.6078869046875 0.134920634375 0.599454365625
1 0.1851851859375 0.477678571875 0.1977513234375 0.47222222187499996 0.209656084375 0.46031746093750003 0.21031746093749998 0.453125 0.208664021875 0.44940476250000005 0.203373015625 0.44915674531249994 0.2020502640625 0.44990079375 0.197420634375 0.456101190625 0.1947751328125 0.45758928593750003 0.190145503125 0.466021825 0.18154761875 0.4677579359375 0.1709656078125 0.47222222187499996 0.166005290625 0.47321428593750003 0.16468253906250002 0.47445436562500004 0.16302909999999998 0.47842261875 0.165343915625 0.47991071406249997 0.1703042328125 0.47991071406249997 0.1851851859375 0.477678571875
1 0.1041666671875 0.7676091265625 0.103174603125 0.7616567453124999 0.1005291 0.7584325390625 0.0958994703125 0.75595238125 0.0919312171875 0.7564484125 0.0856481484375 0.762152778125 0.0859788359375 0.7668650796875001 0.0886243390625 0.7698412703125 0.09953703750000001 0.7708333328125 0.1041666671875 0.7676091265625
1 0.07605820156250001 0.11334325468749999 0.0916005296875 0.118799603125 0.097552909375 0.11507936562500001 0.0982142859375 0.112103175 0.0978835984375 0.103174603125 0.09391534375 0.099454365625 0.09391534375 0.0952380953125 0.084986771875 0.091269840625 0.0701058203125 0.07911706406249999 0.0644841265625 0.078125 0.0615079359375 0.07911706406249999 0.0608465609375 0.083829365625 0.06646825468749999 0.10342261875 0.071759259375 0.106646825 0.07605820156250001 0.11334325468749999
1 0.0396825390625 0.1991567453125 0.0479497359375 0.19717261875 0.046957671875 0.1927083328125 0.044312168750000006 0.18923611093749998 0.0360449734375 0.1875 0.029100529687499998 0.18402777812499999 0.0261243390625 0.1855158734375 0.025132275 0.18824404687500002 0.025132275 0.1939484125 0.0297619046875 0.1954365078125 0.0330687828125 0.1981646828125 0.0396825390625 0.1991567453125
1 0.4546957671875 0.1664186515625 0.4609788359375 0.16344246093749998 0.466027446875 0.15817906718750002 0.46273941875 0.1561817953125 0.455380621875 0.15089434531249998 0.46117361093750003 0.1492495046875 0.4623015875 0.1426091265625 0.4515542328125 0.1380208328125 0.44345238125 0.13194444375 0.4384920640625 0.1331845234375 0.43551587343750003 0.13888888906250002 0.428240740625 0.1445932546875 0.42890211562499997 0.1520337296875 0.433460978125 0.154889384375 0.44207242031250005 0.1554766859375 0.4546957671875 0.1664186515625
1 0.50562169375 0.1483134921875 0.5076058203125 0.146329365625 0.509589946875 0.1383928578125 0.50562169375 0.1356646828125 0.49801587343750003 0.134920634375 0.49404761875 0.1366567453125 0.491071428125 0.14012896875 0.490740740625 0.1428571421875 0.4923941796875 0.1445932546875 0.502976190625 0.1488095234375 0.50562169375 0.1483134921875
1 0.94973545 0.112103175 0.959325396875 0.11780753906250001 0.9642857140625001 0.118799603125 0.972222221875 0.12673611093749998 0.9702380953124999 0.13095238125 0.9695767203125 0.14310515937499999 0.965277778125 0.15376984062500001 0.965939153125 0.15798611093749998 0.9708994703125 0.158978175 0.9755290999999999 0.15674603125 0.98148148125 0.150049603125 0.984457671875 0.13963293593749998 0.984788359375 0.1302083328125 0.98776455 0.122271825 0.98776455 0.11805555625 0.9861111109375 0.11532738125 0.9679232796875 0.10119047656249999 0.966269840625 0.0917658734375 0.9606481484374999 0.0892857140625 0.9573412703124999 0.08358134843750001 0.9553571421875 0.0828373015625 0.9513888890625 0.08358134843750001 0.9460978843750001 0.087549603125 0.9444444437499999 0.091269840625 0.9444444437499999 0.0957341265625 0.950396825 0.10565476250000001 0.94973545 0.112103175
1 0.5003306875 0.3473462296875 0.497023809375 0.353174603125 0.49669312187500003 0.3573908734375 0.49404761875 0.3608630953125 0.49404761875 0.3630952375 0.51223545 0.3635912703125 0.5165343921875001 0.3613591265625 0.5142195765625 0.3571428578125 0.5102513234375 0.35342261875 0.509259259375 0.34970238125 0.5125661375 0.3382936515625 0.5125661375 0.3241567453125 0.514880953125 0.3139880953125 0.5234788359375 0.302579365625 0.5238095234375 0.2986111109375 0.521164021875 0.29737103125000003 0.5135582015625 0.3008432546875 0.509589946875 0.306299603125 0.503637565625 0.3102678578125 0.5046296296875 0.3293650796875 0.503306878125 0.3353174609375 0.500661375 0.3385416671875 0.5003306875 0.3473462296875
1 0.197089946875 0.29637896874999997 0.20105820156249998 0.296626984375 0.208664021875 0.29092261875 0.21263227499999998 0.2921626984375 0.21593915312499998 0.29092261875 0.2139550265625 0.28571428593750003 0.2142857140625 0.2824900796875 0.21130952343749998 0.2762896828125 0.2073412703125 0.27157738125 0.20701058125 0.263144840625 0.1994047625 0.2542162703125 0.197089946875 0.24950396874999997 0.1927910046875 0.2485119046875 0.190476190625 0.2514880953125 0.18915343906249998 0.259920634375 0.196097884375 0.275049603125 0.19444444375 0.291170634375 0.197089946875 0.29637896874999997
1 0.147156084375 0.362351190625 0.15013227499999998 0.35987103125000003 0.1739417984375 0.3581349203125 0.1835317453125 0.3551587296875 0.19345238125 0.3539186515625 0.1980820109375 0.3514384921875 0.20502645468749997 0.3509424609375 0.21263227499999998 0.34722222187499996 0.21693121718750003 0.346478175 0.21858465625 0.34375 0.221891534375 0.3425099203125 0.22949735468750002 0.343005953125 0.23478835937500003 0.3420138890625 0.24470899531249998 0.3382936515625 0.26223545000000004 0.33407738125 0.26752645468749997 0.331101190625 0.31349206406249996 0.31944444375000003 0.3234126984375 0.314980159375 0.3373015875 0.311755953125 0.3501984125 0.3077876984375 0.35350529062499997 0.30580357187499996 0.366402115625 0.302579365625 0.3766534390625 0.29786706406249996 0.39649470937500003 0.2983630953125 0.3988095234375 0.2948908734375 0.4007936515625 0.293898809375 0.403108465625 0.29340277812500004 0.4080687828125 0.2953869046875 0.41071428593750003 0.2931547625 0.421626984375 0.28794642812500004 0.4500661375 0.281001984375 0.4765211640625 0.2772817453125 0.48644179843749996 0.2772817453125 0.5115740734374999 0.27430555624999997 0.5367063484375 0.275049603125 0.546626984375 0.2765376984375 0.5605158734375 0.2790178578125 0.5625 0.280505953125 0.5691137562499999 0.28174603125000003 0.5800264546875 0.2864583328125 0.5929232796874999 0.28819444375000003 0.60582010625 0.294394840625 0.60648148125 0.2986111109375 0.610119046875 0.30133928593750003 0.61276455 0.30580357187499996 0.610119046875 0.311755953125 0.60648148125 0.3144841265625 0.6051587296875 0.32217261875 0.609457671875 0.3239087296875 0.61871693125 0.32217261875 0.624338625 0.3229166671875 0.6273148140625 0.3261408734375 0.6385582015625 0.333829365625 0.6418650796875001 0.331101190625 0.646164021875 0.3298611109375 0.6521164015625 0.3261408734375 0.6507936515625 0.32217261875 0.6458333328125 0.3177083328125 0.641203703125 0.315228175 0.640873015625 0.3139880953125 0.6425264546875 0.312748015625 0.672288359375 0.2986111109375 0.6802248671875 0.296626984375 0.696759259375 0.28819444375000003 0.7083333328125 0.2854662703125 0.7123015875 0.2862103171875 0.7149470906250001 0.2886904765625 0.71858465625 0.294394840625 0.7202380953125 0.30133928593750003 0.7255290999999999 0.30803571406249997 0.728505290625 0.3164682546875 0.7324735453125 0.3196924609375 0.734126984375 0.3179563484375 0.734788359375 0.3142361109375 0.73148148125 0.306795634375 0.73148148125 0.3023313484375 0.721560846875 0.2834821421875 0.721560846875 0.280505953125 0.7242063484375 0.2772817453125 0.7490079359374999 0.2676091265625 0.7582671953125 0.2619047625 0.778108465625 0.25322420625 0.8055555562500001 0.24280753906250002 0.815476190625 0.24007936562499999 0.816137565625 0.2385912703125 0.8260582015625 0.23611111093749998 0.8326719578124999 0.2321428578125 0.8492063484375001 0.22569444375 0.859457671875 0.22197420625 0.8726851859375 0.21875 0.8773148140625 0.215277778125 0.8974867718749999 0.2068452375 0.9041005296875 0.20510912656250002 0.9150132281250001 0.1989087296875 0.9196428578125 0.1979166671875 0.9232804234374999 0.1951884921875 0.9358465609375 0.19072420625 0.940145503125 0.18774801562500001 0.9546957671875 0.1832837296875 0.966269840625 0.177579365625 0.9699074078125 0.174603175 0.9996693125 0.16592261875 0.9996693125 0.146825396875 0.9705687828125 0.1522817453125 0.96891534375 0.1577380953125 0.9599867718749999 0.1636904765625 0.952711640625 0.165674603125 0.9454365078125001 0.1698908734375 0.9391534390625 0.171875 0.9351851859375 0.174851190625 0.9103835984374999 0.1852678578125 0.903769840625 0.18923611093749998 0.884259259375 0.196428571875 0.88128306875 0.1989087296875 0.86904761875 0.2021329359375 0.8614417984375 0.2070932546875 0.84424603125 0.21304563437500001 0.8389550265624999 0.21602182499999997 0.828703703125 0.21949404687500002 0.8260582015625 0.22147817500000003 0.8177910046875001 0.2234623015625 0.796296296875 0.23263888906250002 0.7671957671875 0.24280753906250002 0.762896825 0.2457837296875 0.75562169375 0.24925595312499998 0.7519841265625 0.249751984375 0.74371693125 0.2547123015625 0.7298280421875 0.2591765875 0.7096560843749999 0.26884920625 0.6822089953125 0.27529761875 0.6583994703125 0.2889384921875 0.6514550265625 0.290674603125 0.6428571421875 0.2956349203125 0.6329365078125 0.296626984375 0.6289682546875001 0.2951388890625 0.6160714281249999 0.2832341265625 0.6054894187500001 0.2760416671875 0.5995370375 0.2676091265625 0.6028439156250001 0.2633928578125 0.6005290999999999 0.259920634375 0.596560846875 0.24727182499999997 0.5916005296875 0.23958333281250002 0.587632275 0.2366071421875 0.5856481484375 0.23933531718749998 0.5853174609375 0.24429563437500001 0.587632275 0.255704365625 0.590277778125 0.259920634375 0.590939153125 0.2636408734375 0.596560846875 0.2671130953125 0.59424603125 0.2708333328125 0.5882936515625 0.271825396875 0.5760582015625 0.2673611109375 0.5641534390625 0.26612103125000003 0.5605158734375 0.2641369046875 0.5552248671875 0.26463293593750004 0.5330687828125 0.2619047625 0.5023148140625 0.2619047625 0.478174603125 0.263144840625 0.46924603125 0.26512896874999997 0.415674603125 0.271329365625 0.3267195765625 0.3008432546875 0.3075396828125 0.3053075390625 0.259259259375 0.3229166671875 0.252976190625 0.3244047625 0.2476851859375 0.32713293593750004 0.2357804234375 0.3293650796875 0.228174603125 0.3320932546875 0.222552909375 0.3358134921875 0.208664021875 0.337549603125 0.1488095234375 0.356894840625 0.146494709375 0.35887896874999997 0.13888888906250002 0.3613591265625 0.14318783125 0.3630952375 0.147156084375 0.362351190625
1 0.2791005296875 0.40674603125 0.28174603125000003 0.40252976250000005 0.2883597890625 0.39657738125 0.30919312187500003 0.3732638890625 0.31679894218750004 0.3707837296875 0.3260582015625 0.37152777812500004 0.3379629625 0.36904761875 0.3495370375 0.36259920625 0.35548941875 0.3573908734375 0.3571428578125 0.353670634375 0.35582010625 0.3484623015625 0.358796296875 0.33705357187499996 0.366402115625 0.3266369046875 0.3753306875 0.31845238125 0.377976190625 0.312251984375 0.3796296296875 0.3010912703125 0.3769841265625 0.297123015625 0.3733465609375 0.299851190625 0.353835978125 0.3043154765625 0.3511904765625 0.30927579375 0.3419312171875 0.3075396828125 0.340608465625 0.302579365625 0.3422619046875 0.2983630953125 0.339947090625 0.297619046875 0.3389550265625 0.2956349203125 0.341269840625 0.2904265875 0.347552909375 0.2852182546875 0.352843915625 0.2832341265625 0.349867725 0.281994046875 0.3452380953125 0.281994046875 0.34358465625 0.2792658734375 0.3449074078125 0.2673611109375 0.3478835984375 0.2564484125 0.347552909375 0.206597221875 0.3518518515625 0.178075396875 0.3515211640625 0.1617063484375 0.3495370375 0.15699404687500002 0.3455687828125 0.15798611093749998 0.33399470937500003 0.17361111093749998 0.325396825 0.1897321421875 0.3177910046875 0.2123015875 0.30654761875 0.27802579375 0.303240740625 0.2829861109375 0.30621693125 0.310019840625 0.303902115625 0.33928571406249997 0.2860449734375 0.353174603125 0.2797619046875 0.36036706406249996 0.2708333328125 0.3678075390625 0.26455026406250004 0.3792162703125 0.2619047625 0.3923611109375 0.26521164062499997 0.3988095234375 0.27248677187500003 0.40625 0.2791005296875 0.40674603125
1 0.41964285781250005 0.27529761875 0.4209656078125 0.27232142812500004 0.4232804234375 0.2708333328125 0.427910053125 0.2703373015625 0.43187830624999995 0.2710813484375 0.44146825468750006 0.2676091265625 0.4391534390625 0.264880953125 0.4391534390625 0.263144840625 0.44973545000000004 0.23611111093749998 0.453042328125 0.2202380953125 0.45502645468749997 0.21676587343749998 0.4546957671875 0.21180555625 0.4583333328125 0.20114087343749998 0.4580026453125 0.193204365625 0.45535714218749995 0.1912202375 0.45105820156250004 0.1912202375 0.44874338593749996 0.1924603171875 0.4451058203125 0.1951884921875 0.44080687812499997 0.20114087343749998 0.43154761875 0.234623015625 0.42890211562499997 0.259424603125 0.42625661406250004 0.264880953125 0.4169973546875 0.268105159375 0.40542327968749997 0.2668650796875 0.390873015625 0.2676091265625 0.390542328125 0.27157738125 0.39252645468749997 0.2738095234375 0.40641534375 0.27678571406249997 0.41964285781250005 0.27529761875
0 0.309854496875 0.5176091265625 0.31919642812500004 0.5168650796875001 0.32374338593749996 0.518353175 0.3263888890625 0.5205853171875 0.3250661375 0.525049603125 0.3257275125 0.528273809375 0.33002645468749997 0.5332341265625 0.3330026453125 0.5334821421875 0.389880953125 0.5642361109375 0.3958333328125 0.565972221875 0.3998015875 0.5644841265625 0.3978174609375 0.5577876984375 0.39351851875 0.5508432546875001 0.38624338593749996 0.54092261875 0.377976190625 0.5334821421875 0.374338625 0.528521825 0.3703703703125 0.512648809375 0.3700396828125 0.5037202375 0.372354496875 0.5012400796875001 0.3865740734375 0.502728175 0.40244709062500006 0.502976190625 0.4113756609375 0.5017361109375 0.4136904765625 0.4985119046875 0.41203703750000004 0.4918154765625 0.40178571406249997 0.484623015625 0.396164021875 0.48214285781250005 0.3826058203125 0.48090277812500004 0.3703703703125 0.4704861109375 0.3634259265625 0.4675099203125 0.35615079375 0.4623015875 0.3416005296875 0.459325396875 0.33697089999999996 0.46651785781250005 0.3366402109375 0.471478175 0.3389550265625 0.4794146828125 0.33498677187500003 0.4861111109375 0.341269840625 0.49429563437499996 0.339947090625 0.49801587343750003 0.333664021875 0.5019841265625 0.3323412703125 0.5054563484375 0.3296957671875 0.5071924609375 0.30555555624999997 0.5071924609375 0.29794973593749996 0.5042162703125 0.2946428578125 0.5014880953125 0.28472222187499996 0.49801587343750003 0.27149470937500003 0.48387896875 0.2668650796875 0.48834325468750006 0.265873015625 0.49032738125 0.272156084375 0.49801587343750003 0.296626984375 0.515625 0.309854496875 0.5176091265625
0 0.5076058203125 0.38740079375 0.516203703125 0.396825396875 0.5208333328125 0.40029761875 0.5221560843749999 0.403521825 0.5201719578125 0.4112103171875 0.5208333328125 0.415674603125 0.5291005296875 0.4203869046875 0.5330687828125 0.4251817953125 0.53174603125 0.4375 0.525132275 0.450644840625 0.5261243390625 0.4585813484375 0.533730159375 0.46304563437499996 0.5376984125 0.46279761875 0.5367063484375 0.4583333328125 0.5376984125 0.45535714218749995 0.5370370375 0.450396825 0.5383597890625 0.44742063437499996 0.537367725 0.4427083328125 0.5386904765625 0.4384920640625 0.537367725 0.43700396875 0.54365079375 0.43154761875 0.55654761875 0.4387400796875 0.56845238125 0.44171627031250005 0.5704365078125 0.44320436562500004 0.5800264546875 0.45882936562500004 0.5955687828125 0.47470238125 0.603505290625 0.477678571875 0.6111111109375 0.4789186515625 0.6180555562500001 0.47842261875 0.6226851859375 0.4766865078125 0.6302910046875 0.4704861109375 0.6326058203125 0.46304563437499996 0.6319444437499999 0.45882936562500004 0.6266534390625 0.4513888890625 0.6273148140625 0.4392361109375 0.6230158734375 0.434523809375 0.6114417984375 0.42881944375 0.603835978125 0.4228670640625 0.59424603125 0.41865079375 0.590277778125 0.41493055625 0.5856481484375 0.3888888890625 0.5886243390625 0.384424603125 0.5889550265625 0.3799603171875 0.5846560843749999 0.3730158734375 0.5760582015625 0.3675595234375 0.559523809375 0.3643353171875 0.552579365625 0.3643353171875 0.54398148125 0.3675595234375 0.534391534375 0.375 0.53075396875 0.3804563484375 0.5264550265625 0.38169642812500004 0.521164021875 0.3804563484375 0.509920634375 0.37549603125000003 0.5013227515625001 0.3643353171875 0.49768518593750005 0.3633432546875 0.49437830624999995 0.3648313484375 0.49404761875 0.3769841265625 0.4950396828125 0.3789682546875 0.497023809375 0.381200396875 0.5076058203125 0.38740079375
0 0.833664021875 0.6329365078125 0.8379629625 0.6354166671875 0.8416005296875 0.6356646828125 0.8455687828125 0.6386408734375 0.8501984125 0.6388888890625 0.85648148125 0.6418650796875001 0.8604497359375 0.65029761875 0.8604497359375 0.6579861109375 0.8515211640624999 0.6671626984375 0.833994709375 0.6810515875 0.8257275125 0.6917162703125 0.81812169375 0.6964285718750001 0.815145503125 0.700148809375 0.8048941796875001 0.70362103125 0.8005952375 0.7098214281249999 0.7959656078124999 0.71279761875 0.7986111109375 0.716021825 0.802910053125 0.715277778125 0.80687830625 0.713045634375 0.8138227515625 0.70634920625 0.8263888890625 0.6991567453124999 0.828703703125 0.6949404765625 0.8425925921875 0.6837797625 0.8528439156250001 0.6728670640625001 0.8611111109375 0.6681547625 0.8683862437500001 0.6612103171875 0.8763227515625 0.6572420640625001 0.88062169375 0.653521825 0.88723545 0.6517857140625 0.8925264546875 0.6520337296875 0.903439153125 0.6488095234375 0.9103835984374999 0.6488095234375 0.9143518515625001 0.650049603125 0.93154761875 0.6604662703125 0.9355158734375 0.6604662703125 0.9484126984374999 0.65625 0.9550264546875 0.656498015625 0.958664021875 0.6540178578125 0.9580026453125001 0.646329365625 0.950396825 0.634424603125 0.9457671953125001 0.6299603171875 0.9391534390625 0.625744046875 0.9351851859375 0.6240079359374999 0.9259259265625 0.6230158734375 0.9232804234374999 0.6183035718750001 0.9203042328125 0.6168154765625 0.91898148125 0.6145833328125 0.921296296875 0.612847221875 0.9239417984375 0.6073908734375 0.9232804234374999 0.5992063484375 0.9196428578125 0.5917658734375 0.9120370375 0.583829365625 0.9083994703125 0.5820932546875001 0.903769840625 0.581597221875 0.9011243390624999 0.5833333328125 0.8971560843749999 0.591269840625 0.9074074078125 0.6200396828125 0.903769840625 0.62450396875 0.88062169375 0.6386408734375 0.8796296296874999 0.641369046875 0.8667328046874999 0.640376984375 0.865410053125 0.630704365625 0.8571428578125 0.618799603125 0.8419312171875 0.6138392859375 0.8363095234375001 0.6135912703125 0.8267195765625001 0.6111111109375 0.8148148140625 0.6111111109375 0.808862434375 0.615079365625 0.8144841265625 0.61904761875 0.8177910046875001 0.6259920640625001 0.822089946875 0.630704365625 0.833664021875 0.6329365078125
0 0.134589946875 0.44345238125 0.190145503125 0.42782738125 0.19444444375 0.42410714218749995 0.1980820109375 0.41617063437499996 0.19973544999999998 0.40823412656249997 0.197420634375 0.39756944375000003 0.1980820109375 0.393105159375 0.20271164062499997 0.390376984375 0.20833333281250002 0.3888888890625 0.2172619046875 0.3888888890625 0.22056878281249997 0.387896825 0.2321428578125 0.3888888890625 0.240740740625 0.3943452375 0.24305555625 0.3978174609375 0.259589946875 0.4109623015625 0.27447089999999996 0.41468253906249997 0.27678571406249997 0.4139384921875 0.278439153125 0.41220238125 0.2771164015625 0.406001984375 0.27447089999999996 0.40401785781250005 0.272156084375 0.39930555624999997 0.2668650796875 0.3953373015625 0.262896825 0.38740079375 0.26223545000000004 0.3804563484375 0.271825396875 0.369295634375 0.2705026453125 0.36532738125 0.265542328125 0.3613591265625 0.26455026406250004 0.3578869046875 0.26455026406250004 0.3373015875 0.2635582015625 0.3345734125 0.24801587343749998 0.33779761875 0.2321428578125 0.34375 0.2265211640625 0.34424603125000003 0.2179232796875 0.346726190625 0.20899470937500003 0.35044642812500004 0.203042328125 0.35615079375 0.2000661375 0.3611111109375 0.1994047625 0.365575396875 0.20105820156249998 0.3695436515625 0.203042328125 0.3707837296875 0.203042328125 0.3735119046875 0.1835317453125 0.3864087296875 0.18187830625 0.3869047625 0.178902115625 0.38467261875 0.174603175 0.38368055624999997 0.16236772500000002 0.38467261875 0.15873015937499999 0.388144840625 0.15410052968750002 0.3886408734375 0.1375661375 0.3960813484375 0.1332671953125 0.40178571406249997 0.12566137500000002 0.4079861109375 0.11805555625 0.4310515875 0.1177248671875 0.43551587343750003 0.11937830625000001 0.4392361109375 0.1263227515625 0.4429563484375 0.134589946875 0.44345238125
0 0.22156084687500002 0.2633928578125 0.22453703749999998 0.2643849203125 0.228835978125 0.268105159375 0.23611111093749998 0.2698412703125 0.2390873015625 0.268601190625 0.24801587343749998 0.27455357187499996 0.2387566140625 0.2867063484375 0.23247354531250003 0.29241071406249997 0.2255291 0.29588293593750004 0.21924603125000003 0.29737103125000003 0.20899470937500003 0.30654761875 0.20667989375 0.315228175 0.209325396875 0.31845238125 0.2166005296875 0.3206845234375 0.22156084687500002 0.318204365625 0.2791005296875 0.30580357187499996 0.28802910000000004 0.30580357187499996 0.29398148125 0.3075396828125 0.302579365625 0.306795634375 0.30555555624999997 0.302579365625 0.3075396828125 0.296626984375 0.3101851859375 0.2800099203125 0.3105158734375 0.2584325390625 0.302579365625 0.25967261875 0.2953042328125 0.26215277812500004 0.290674603125 0.2678571421875 0.2890211640625 0.2728174609375 0.278439153125 0.27157738125 0.278439153125 0.2678571421875 0.275132275 0.265625 0.2728174609375 0.2604166671875 0.27248677187500003 0.2549603171875 0.2705026453125 0.2519841265625 0.2619047625 0.24404761874999997 0.25562169375 0.24007936562499999 0.25099206406249996 0.2385912703125 0.2460317453125 0.234375 0.23941798906249998 0.23115079375 0.23511904687500002 0.22693452343749998 0.22453703749999998 0.2197420640625 0.21924603125000003 0.21875 0.21263227499999998 0.2202380953125 0.20800264531249998 0.22395833281250002 0.20568783124999998 0.2296626984375 0.20568783124999998 0.2353670640625 0.2076719578125 0.24007936562499999 0.2208994703125 0.259920634375 0.22156084687500002 0.2633928578125
0 0.3640873015625 0.286954365625 0.3673941796875 0.2829861109375 0.3710317453125 0.281001984375 0.3736772484375 0.2740575390625 0.38326719531250003 0.268105159375 0.3829365078125 0.2636408734375 0.3769841265625 0.25892857187499996 0.36904761875 0.25595238125 0.35978835937500003 0.2552083328125 0.3495370375 0.252480159375 0.34722222187499996 0.252976190625 0.3445767203125 0.25868055624999997 0.3429232796875 0.275545634375 0.340939153125 0.28075396874999997 0.3373015875 0.28472222187499996 0.337632275 0.293898809375 0.35846560781250003 0.2876984125 0.3611111109375 0.28819444375000003 0.3640873015625 0.286954365625
1 0.8455687828125 0.034226190625 0.8488756609375001 0.0352182546875 0.8505290999999999 0.03720238125 0.8445767203125 0.04365079375 0.841269840625 0.05009920624999999 0.840939153125 0.056795634375 0.8455687828125 0.06349206406249999 0.8495370375 0.06299603125 0.8528439156250001 0.059523809375 0.8581349203125 0.05729166718749999 0.8607804234374999 0.05009920624999999 0.8647486765625001 0.047619046875 0.8726851859375 0.0505952375 0.88062169375 0.0505952375 0.884259259375 0.05208333281250001 0.8915343921875 0.049355159375 0.8892195765625001 0.0396825390625 0.8826058203124999 0.0327380953125 0.8928571421875 0.02256944375 0.8948412703124999 0.012152778125 0.8925264546875 0.006944443749999999 0.8885582015625 0.006944443749999999 0.8862433859375001 0.0101686515625 0.871362434375 0.0168650796875 0.8644179890625001 0.0220734125 0.860119046875 0.02157738125 0.853174603125 0.0166170640625 0.8482142859374999 0.01512896875 0.8382936515624999 0.0166170640625 0.8359788359375001 0.019097221875 0.8356481484374999 0.021825396875 0.8373015875 0.024553571875 0.84358465625 0.0302579359375 0.8455687828125 0.034226190625
0 0 0.9231150796875 0.00562169375 0.924851190625 0.008597884375 0.919394840625 0.0132275125 0.9174107140625001 0.016203703125 0.9134424609374999 0.0201719578125 0.9107142859374999 0.040343915625 0.8993055562500001 0.0446428578125 0.8978174609374999 0.047619046875 0.8985615078125001 0.049933862499999995 0.9084821421875 0.045965607812499996 0.915674603125 0.0453042328125 0.9198908734375 0.0479497359375 0.92509920625 0.054232804687500004 0.9310515875 0.059854496874999996 0.9419642859374999 0.0611772484375 0.9518849203125 0.059523809375 0.955605159375 0.058862434374999995 0.963045634375 0.060185185937499996 0.9667658734375 0.0638227515625 0.96924603125 0.06812169375 0.96924603125 0.071428571875 0.9677579359375 0.07473545000000001 0.9635416671874999 0.0767195765625 0.95907738125 0.07605820156250001 0.952876984375 0.0831074734375 0.9431168156249999 0.08284986718750001 0.9375173609375 0.08027711562499999 0.9257390875 0.0746164015625 0.91453993125 0.0841365734375 0.898320684375 0.095972221875 0.8952311515625 0.11469080625000001 0.8882393359374999 0.1177781078125 0.8762916671875001 0.1177781078125 0.8641272328125 0.11803538437500001 0.83813194375 0.11983664062499999 0.8265466265624999 0.11932209062500002 0.8178578875 0.1157199078125 0.8105203375000001 0.1319295640625 0.81283755 0.1424788359375 0.8114858625 0.156373015625 0.8230711812499999 0.16512103125 0.8209471718750001 0.1671795640625 0.8083965781250001 0.16434920625 0.7954595734375001 0.1576593921875 0.7902462796874999 0.154314484375 0.789087796875 0.15013227499999998 0.786954365625 0.1392195765625 0.7852182546875001 0.127976190625 0.7862103171875 0.10615079375 0.7857142859375 0.097552909375 0.786954365625 0.091269840625 0.79092261875 0.0886243390625 0.796130953125 0.08333333281250001 0.7988591265625 0.08068783125 0.802579365625 0.08068783125 0.806795634375 0.084656084375 0.811755953125 0.08664021093749999 0.8174603171875001 0.0853174609375 0.8239087296875001 0.071097884375 0.8365575390625001 0.06944444375 0.8420138890625 0.065806878125 0.8474702375 0.0608465609375 0.8546626984374999 0.055555556250000006 0.859126984375 0.0505952375 0.8735119046875001 0.0456349203125 0.8769841265625 0.040343915625 0.8764880953124999 0.0333994703125 0.8685515875 0.0248015875 0.8660714281249999 0.0171957671875 0.8616071421875 0.015542328125 0.8576388890625 0.014550264062500002 0.8454861109375 0.0102513234375 0.838045634375 0.009920634375 0.8335813484375001 0.00562169375 0.8293650796875 0 0.828869046875 0 0.88467261875 0.0016534390625 0.88467261875 0.006944443749999999 0.887896825 0.0168650796875 0.89012896875 0.022486771875 0.8893849203125 0.028769840624999998 0.8866567453125 0.034722221875 0.8869047625 0.037367725000000004 0.889880953125 0.034722221875 0.893105159375 0.0208333328125 0.900049603125 0.012896825 0.9072420640625 0.003306878125 0.911954365625 0.0019841265625 0.9151785718750001 0 0.9154265875 0 0.9231150796875