1 0.9232804234374999 0.21378968281250002 0.91931216875 0.21676587343749998 0.9199735453125 0.2227182546875 0.9262566140624999 0.22445436562499999 0.9289021156249999 0.23189484062500001 0.9298941796875001 0.2398313484375 0.934523809375 0.24801587343749998 0.9391534390625 0.24801587343749998 0.9477513234374999 0.24007936562499999 0.9510582015625 0.23611111093749998 0.9510582015625 0.2299107140625 0.952711640625 0.22718253906250002 0.95568783125 0.22569444375 0.9646164015625001 0.22395833281250002 0.96858465625 0.22048611093749998 0.9666005296875 0.2175099203125 0.9642857140625001 0.2165178578125 0.9639550265624999 0.21279761874999997 0.953703703125 0.2043650796875 0.953373015625 0.1939484125 0.950396825 0.1855158734375 0.94378306875 0.1822916671875 0.9388227515625 0.1852678578125 0.934854496875 0.20064484062500001 0.936838625 0.20486111093749998 0.934854496875 0.2085813484375 0.9232804234374999 0.21378968281250002
1 0.9332010578125001 0 0.934854496875 0.005704365625 0.940806878125 0.0109126984375 0.9457671953125001 0.013640873437500001 0.947420634375 0.0171130953125 0.9447751328124999 0.0200892859375 0.9391534390625 0.021329365625 0.9351851859375 0.0238095234375 0.9269179890625001 0.031498015625 0.9232804234374999 0.036954365625 0.922619046875 0.04092261875 0.9239417984375 0.0419146828125 0.928240740625 0.0424107140625 0.9351851859375 0.0414186515625 0.9417989421874999 0.0376984125 0.9517195765625001 0.034226190625 0.9573412703124999 0.028273809374999997 0.9649470906250001 0.0257936515625 0.974867725 0.0270337296875 0.978174603125 0.028769840624999998 0.9890873015625001 0.03075396875 0.9953703703125001 0.0302579359375 0.996362434375 0.0248015875 0.9927248671875001 0.0200892859375 0.9864417984375 0.015625 0.978835978125 0.0133928578125 0.98148148125 0.0076884921875 0.9874338625 0.0019841265625 0.9874338625 0 0.966269840625 0 0.966269840625 0.0019841265625 0.9642857140625001 0.0039682546875000006 0.9583333328125001 0.002480159375 0.9573412703124999 0 0.9332010578125001 0
1 0.9867724875 0.1016865078125 0.98776455 0.1083829359375 0.990079365625 0.1113591265625 0.99371693125 0.11235119062500001 0.9996693125 0.112103175 0.9996693125 0.0689484125 0.9920634921874999 0.0709325390625 0.9867724875 0.075644840625 0.98776455 0.08333333281250001 0.9914021156249999 0.08779761875 0.9923941796875001 0.091021825 0.9867724875 0.1016865078125
1 0.6679894187500001 0.0577876984375 0.6742724875 0.056547618749999994 0.6703042328125 0.05456349218749999 0.66898148125 0.051669890625000006 0.66898148125 0.0446428578125 0.659060846875 0.0352182546875 0.6541005296875 0.033730159375 0.646494709375 0.036954365625 0.646825396875 0.0404265875 0.6577380953125 0.0553075390625 0.6646825390625 0.056299603125 0.6679894187500001 0.0577876984375
1 0.1385582015625 0.22767857187499999 0.1507936515625 0.2224702375 0.15410052968750002 0.22048611093749998 0.15839947031249998 0.2142857140625 0.1580687828125 0.2073412703125 0.1550925921875 0.20634920625 0.146164021875 0.2070932546875 0.1415343921875 0.2110615078125 0.1253306875 0.21924603125000003 0.11970899531250001 0.22445436562499999 0.11739417968750002 0.22842261874999997 0.11904761875 0.2299107140625 0.1233465609375 0.230902778125 0.1385582015625 0.22767857187499999
1 0.137896825 0.1698908734375 0.1428571421875 0.16840277812499999 0.146164021875 0.168898809375 0.146164021875 0.165178571875 0.134589946875 0.1547619046875 0.1273148140625 0.1584821421875 0.12599206406250002 0.1666666671875 0.12665343906249998 0.1706349203125 0.134589946875 0.1733630953125 0.137896825 0.1698908734375
1 0.24007936562499999 0.341269840625 0.24338624375 0.3449900796875 0.24801587343749998 0.34474206406249996 0.2549603171875 0.33680555624999997 0.259589946875 0.3360615078125 0.2668650796875 0.338045634375 0.2698412703125 0.3373015875 0.271164021875 0.33407738125 0.2698412703125 0.3298611109375 0.26455026406250004 0.3263888890625 0.26455026406250004 0.32217261875 0.26752645468749997 0.31299603125000003 0.2671957671875 0.30902777812500004 0.26521164062499997 0.306795634375 0.2635582015625 0.306299603125 0.259259259375 0.3087797625 0.25330687812499997 0.312748015625 0.25099206406249996 0.3162202375 0.247023809375 0.3179563484375 0.24371693125 0.3172123015625 0.2354497359375 0.31845238125 0.23511904687500002 0.322420634375 0.24107142812500001 0.330605159375 0.23941798906249998 0.33705357187499996 0.24007936562499999 0.341269840625
1 0.197420634375 0.37400793593750004 0.208664021875 0.377976190625 0.21296296250000002 0.377480159375 0.2166005296875 0.375248015625 0.21924603125000003 0.3695436515625 0.21825396874999997 0.3668154765625 0.2146164015625 0.3643353171875 0.20899470937500003 0.362103175 0.20502645468749997 0.36259920625 0.20370370312500002 0.3616071421875 0.2040343921875 0.3571428578125 0.19345238125 0.353670634375 0.190476190625 0.3573908734375 0.1871693125 0.36631944375000003 0.1861772484375 0.3712797625 0.1871693125 0.374255953125 0.19345238125 0.374751984375 0.197420634375 0.37400793593750004
1 0.31150793593750004 0.3373015875 0.3121693125 0.3417658734375 0.322420634375 0.35069444375000003 0.33002645468749997 0.35243055624999997 0.337632275 0.3556547625 0.340939153125 0.349950396875 0.33928571406249997 0.3301091265625 0.337632275 0.328869046875 0.33068783125 0.328125 0.32473545000000004 0.3209325390625 0.31812169375 0.3174603171875 0.3164682546875 0.318700396875 0.3085317453125 0.3258928578125 0.3128306875 0.328373015625 0.3144841265625 0.331101190625 0.31150793593750004 0.3373015875
1 0.38062169375 0.25694444375000003 0.3875661375 0.2514880953125 0.390873015625 0.24503968281250002 0.39021164062499997 0.24330357187499999 0.3766534390625 0.23710317500000003 0.372023809375 0.23759920625 0.365740740625 0.24255952343749998 0.365079365625 0.24429563437500001 0.3673941796875 0.250744046875 0.3730158734375 0.2579365078125 0.38062169375 0.25694444375000003
1 0.339947090625 0.0828373015625 0.3455687828125 0.08209325468749999 0.34821428593750003 0.0801091265625 0.3551587296875 0.06845238125 0.3544973546875 0.06423611093750001 0.3521825390625 0.063244046875 0.340608465625 0.0639880953125 0.333664021875 0.068700396875 0.3267195765625 0.077876984375 0.3267195765625 0.083829365625 0.32903439218749997 0.08506944375 0.333664021875 0.08506944375 0.339947090625 0.0828373015625
1 0.2748015875 0 0.2738095234375 0.002480159375 0.2698412703125 0.0044642859375000005 0.26818783125 0.006944443749999999 0.266203703125 0.013144840625000001 0.26653439218749997 0.0176091265625 0.2678571421875 0.019097221875 0.27149470937500003 0.0198412703125 0.2757936515625 0.018105159375 0.2791005296875 0.0116567453125 0.2876984125 0.00595238125 0.2890211640625 0 0.2748015875 0
1 0.2754629625 0.5225694437499999 0.2870370375 0.5267857140625 0.29431216875 0.531001984375 0.3015873015625 0.5332341265625 0.3052248671875 0.5322420640625001 0.30687830625 0.5290178578125 0.30026454999999996 0.521825396875 0.29332010625 0.518601190625 0.2870370375 0.513144840625 0.285052909375 0.5136408734375 0.278108465625 0.5106646828125 0.275132275 0.5079365078125 0.271164021875 0.5076884921875 0.2635582015625 0.50967261875 0.259589946875 0.509424603125 0.259920634375 0.5133928578125 0.2754629625 0.5225694437499999
1 0.5357142859375 0.45758928593750003 0.5367063484375 0.46304563437499996 0.5353835984375 0.46651785781250005 0.5357142859375 0.47098214218749995 0.5482804234375 0.48635912656249997 0.5605158734375 0.493799603125 0.5644841265625 0.49007936562500004 0.5641534390625 0.48214285781250005 0.5585317453124999 0.4640376984375 0.5552248671875 0.46155753906249997 0.546296296875 0.45882936562500004 0.546626984375 0.45510912656249997 0.5499338625 0.450396825 0.5499338625 0.44593253906249997 0.546957671875 0.43675595312500004 0.5367063484375 0.4265873015625 0.5330687828125 0.4265873015625 0.5304232796874999 0.431299603125 0.5291005296875 0.4389880953125 0.5294312171875 0.44717261875 0.53141534375 0.45238095312500004 0.5357142859375 0.45758928593750003
1 0.412367725 0.5550595234375 0.4236111109375 0.5644841265625 0.4272486765625 0.5634920640625001 0.43121693125 0.565228175 0.43518518593750005 0.5644841265625 0.4322089953125 0.55654761875 0.42559523749999995 0.5488591265625 0.4143518515625 0.5391865078125 0.40839947031249996 0.5367063484375 0.4047619046875 0.53720238125 0.403769840625 0.5386904765625 0.403439153125 0.54092261875 0.40641534375 0.544146825 0.40641534375 0.552579365625 0.412367725 0.5550595234375
1 0.466269840625 0.6676587296875 0.471230159375 0.6669146828125 0.4861111109375 0.6708829359374999 0.4874338625 0.6626984125 0.49007936562500004 0.6599702375 0.490740740625 0.6572420640625001 0.49007936562500004 0.6542658734375 0.484457671875 0.646329365625 0.47453703750000004 0.6388888890625 0.466269840625 0.637896825 0.4632936515625 0.6393849203124999 0.45701058124999994 0.6522817453124999 0.45370370312499997 0.6542658734375 0.4520502640625 0.659226190625 0.45238095312500004 0.665674603125 0.4546957671875 0.6703869046875 0.4636243390625 0.6669146828125 0.466269840625 0.6676587296875
1 0.3611111109375 0.666170634375 0.358796296875 0.66220238125 0.3581349203125 0.6572420640625001 0.3611111109375 0.656498015625 0.36276454999999996 0.6542658734375 0.3617724875 0.653273809375 0.3449074078125 0.652777778125 0.340608465625 0.6540178578125 0.3389550265625 0.65674603125 0.3416005296875 0.665674603125 0.34424603125000003 0.6674107140625 0.3495370375 0.6681547625 0.3611111109375 0.666170634375
1 0.322420634375 0.6698908734375 0.32771164062499997 0.6664186515625 0.32771164062499997 0.66220238125 0.3257275125 0.6604662703125 0.322089946875 0.6604662703125 0.31812169375 0.6629464281249999 0.3105158734375 0.6599702375 0.308862434375 0.6609623015625 0.30820105781249996 0.6626984125 0.3101851859375 0.6671626984375 0.3177910046875 0.6681547625 0.322420634375 0.6698908734375
1 0.271825396875 0.6542658734375 0.2748015875 0.65029761875 0.2734788359375 0.6423611109375 0.26752645468749997 0.6391369046875 0.2632275125 0.6393849203124999 0.259920634375 0.637896825 0.2576058203125 0.6383928578125 0.25562169375 0.64112103125 0.2546296296875 0.646825396875 0.25595238125 0.6507936515625 0.2635582015625 0.6547619046875 0.271825396875 0.6542658734375
1 0.1802248671875 0.82217261875 0.18187830625 0.8189484125 0.18055555625 0.8144841265625 0.174603175 0.812251984375 0.1696428578125 0.81299603125 0.1673280421875 0.8169642859374999 0.16699735468750002 0.818204365625 0.1703042328125 0.8211805562500001 0.177579365625 0.8241567453125 0.1802248671875 0.82217261875
1 0.6914682546875001 0.7204861109375 0.690476190625 0.7172619046875 0.6835317453124999 0.7105654765625 0.6772486765625 0.7100694437499999 0.6739417984375 0.7108134921875 0.671626984375 0.71279761875 0.6703042328125 0.7209821421875 0.6739417984375 0.7256944437499999 0.68154761875 0.7259424609375 0.6914682546875001 0.7204861109375
1 0.947089946875 0.8134920640625 0.9507275125 0.81200396875 0.958664021875 0.812251984375 0.9666005296875 0.80654761875 0.9623015875 0.8005952375 0.95568783125 0.7981150796875001 0.9520502640625 0.7948908734375 0.9394841265625 0.7901785718750001 0.9358465609375 0.791170634375 0.93121693125 0.79092261875 0.9292328046874999 0.793402778125 0.9292328046874999 0.7983630953125 0.93154761875 0.802579365625 0.94312169375 0.8137400796875 0.947089946875 0.8134920640625
1 0.99404761875 0.52157738125 0.9996693125 0.5198412703125 0.9996693125 0.49950396875 0.9745370375 0.5012400796875001 0.9672619046875001 0.5071924609375 0.9669312171875 0.5109126984375 0.9708994703125 0.51512896875 0.9798280421875001 0.51612103125 0.99404761875 0.52157738125
1 0.8680555562500001 0.6083829359374999 0.877976190625 0.6071428578125 0.88095238125 0.60342261875 0.8730158734375 0.5984623015625 0.8614417984375 0.59697420625 0.8541666671874999 0.5947420640625001 0.84325396875 0.593501984375 0.834325396875 0.5947420640625001 0.8323412703124999 0.5957341265625 0.8349867718749999 0.5989583328125 0.8416005296875 0.6024305562500001 0.8680555562500001 0.6083829359374999
0 0.22718253906250002 0.1525297625 0.228174603125 0.1547619046875 0.2265211640625 0.161954365625 0.22056878281249997 0.17113095312499998 0.2166005296875 0.17261904687500002 0.196428571875 0.17162698437499999 0.1917989421875 0.17361111093749998 0.19973544999999998 0.181795634375 0.20105820156249998 0.18923611093749998 0.20667989375 0.193204365625 0.2251984125 0.20039682499999997 0.234126984375 0.2085813484375 0.2420634921875 0.21130952343749998 0.2576058203125 0.21924603125000003 0.26818783125 0.22867063437500001 0.2883597890625 0.252480159375 0.29728835937500003 0.2676091265625 0.3009259265625 0.278769840625 0.30423280468749997 0.2827380953125 0.3075396828125 0.28472222187499996 0.311838625 0.2904265875 0.315145503125 0.299603175 0.31845238125 0.3005952375 0.3204365078125 0.2986111109375 0.31911375625 0.290674603125 0.3164682546875 0.28819444375000003 0.31349206406249996 0.28174603125000003 0.328373015625 0.2705853171875 0.3419312171875 0.281001984375 0.3511904765625 0.283730159375 0.35648148125 0.2832341265625 0.3730158734375 0.2762896828125 0.3733465609375 0.2710813484375 0.36838624375 0.2673611109375 0.346230159375 0.2579365078125 0.3303571421875 0.24727182499999997 0.327380953125 0.2477678578125 0.2989417984375 0.2301587296875 0.290674603125 0.2232142859375 0.2830687828125 0.21056547656250002 0.2576058203125 0.181795634375 0.25826719531250003 0.1731150796875 0.2552910046875 0.16592261875 0.23048941875 0.1386408734375 0.22453703749999998 0.13467261875 0.2166005296875 0.1341765875 0.2119709 0.1359126984375 0.20568783124999998 0.14236111093749998 0.20568783124999998 0.146329365625 0.20701058125 0.147321428125 0.2228835984375 0.150049603125 0.22718253906250002 0.1525297625
0 0 0.2894345234375 0.0016534390625 0.2894345234375 0.0135582015625 0.2991071421875 0.025462962500000002 0.3015873015625 0.0367063484375 0.3060515875 0.0416666671875 0.310019840625 0.0367063484375 0.314980159375 0.0324074078125 0.31597222187499996 0.022486771875 0.32118055624999997 0.013888889062500001 0.3231646828125 0.009920634375 0.3261408734375 0.0109126984375 0.327876984375 0.014219576562499999 0.3303571421875 0.021825396875 0.3303571421875 0.034722221875 0.3330853171875 0.049603175 0.3328373015625 0.057539682812500006 0.33159722187499996 0.0611772484375 0.3335813484375 0.06316137499999999 0.338045634375 0.061838625 0.3449900796875 0.06283068750000001 0.3492063484375 0.0677910046875 0.3578869046875 0.071428571875 0.3613591265625 0.072420634375 0.3645833328125 0.07043650781250001 0.372519840625 0.06812169375 0.37450396874999997 0.0641534390625 0.375 0.0615079359375 0.3767361109375 0.0621693125 0.3802083328125 0.0638227515625 0.38169642812500004 0.0701058203125 0.38169642812500004 0.07605820156250001 0.3802083328125 0.08134920625 0.3732638890625 0.0922619046875 0.36607142812500004 0.146164021875 0.322420634375 0.146164021875 0.3162202375 0.1425264546875 0.3144841265625 0.1299603171875 0.315228175 0.11078042343750001 0.3102678578125 0.10284391562499999 0.31349206406249996 0.09953703750000001 0.3229166671875 0.096230159375 0.3241567453125 0.08829365156249999 0.3196924609375 0.08366402187500001 0.3147321421875 0.0803571421875 0.3142361109375 0.078373015625 0.3125 0.0770502640625 0.3105158734375 0.078042328125 0.3040674609375 0.077380953125 0.296130953125 0.072420634375 0.29092261875 0.0671296296875 0.287450396875 0.0449735453125 0.278521825 0.035052909375 0.27678571406249997 0.0297619046875 0.2748015875 0.0175264546875 0.2738095234375 0.003637565625 0.2740575390625 0 0.275049603125 0 0.2894345234375
0 0.0446428578125 0.49603174531249994 0.0486111109375 0.49603174531249994 0.053240740625000005 0.4990079359375 0.05456349218749999 0.5091765875 0.056216931250000005 0.5119047625 0.06878306875 0.5223214281249999 0.071759259375 0.5272817453124999 0.0790343921875 0.533730159375 0.08796296249999999 0.5401785718750001 0.0958994703125 0.544146825 0.11177248749999999 0.5483630953125 0.11904761875 0.5453869046875 0.1170634921875 0.5404265875 0.1230158734375 0.5334821421875 0.1177248671875 0.5141369046875 0.11739417968750002 0.5014880953125 0.1230158734375 0.5012400796875001 0.12665343906249998 0.4987599203125 0.1385582015625 0.4947916671875 0.14351851875 0.48660714218749995 0.14351851875 0.47842261875 0.13888888906250002 0.47271825468750006 0.128306878125 0.466269840625 0.1111111109375 0.4605654765625 0.10251322812500001 0.46006944375 0.096560846875 0.4613095234375 0.0925925921875 0.4605654765625 0.0889550265625 0.452876984375 0.07936507968749999 0.44866071406249997 0.0730820109375 0.44320436562500004 0.072420634375 0.43526785781250005 0.060185185937499996 0.418898809375 0.055224867187500006 0.415178571875 0.0486111109375 0.41344246093750003 0.0449735453125 0.41592261875 0.041335978125 0.421875 0.038029099999999996 0.43390377031250005 0.0324074078125 0.44320436562500004 0.0330687828125 0.4548611109375 0.0479497359375 0.46453372968749995 0.0492724875 0.4677579359375 0.0479497359375 0.4699900796875 0.046957671875 0.48214285781250005 0.0456349203125 0.484126984375 0.041005290625 0.4861111109375 0.037037037499999995 0.4898313484375 0.029100529687499998 0.4908234125 0.0231481484375 0.49305555625 0.01884920625 0.4987599203125 0.01884920625 0.505704365625 0.022156084375000003 0.5076884921875 0.038029099999999996 0.5014880953125 0.0446428578125 0.49603174531249994
0 0.15178571406250002 0.45262896875 0.165343915625 0.4595734125 0.1792328046875 0.46155753906249997 0.1855158734375 0.4640376984375 0.1888227515625 0.4670138890625 0.1898148140625 0.47073412656249997 0.19510582031249998 0.4751984125 0.197089946875 0.4796626984375 0.21064814843750002 0.4895833328125 0.2139550265625 0.5017361109375 0.2166005296875 0.502728175 0.22486772500000002 0.502976190625 0.22850529062499997 0.5017361109375 0.23611111093749998 0.5014880953125 0.24272486718750003 0.49553571406249997 0.246693121875 0.49007936562500004 0.250661375 0.487351190625 0.25677910000000004 0.48896329375 0.259259259375 0.4918154765625 0.259920634375 0.506200396875 0.2615740734375 0.5091765875 0.26752645468749997 0.5114087296875 0.2728174609375 0.5109126984375 0.27678571406249997 0.5173611109375 0.278769840625 0.518105159375 0.2804232796875 0.5173611109375 0.2791005296875 0.5119047625 0.2761243390625 0.5111607140625 0.275132275 0.5086805562500001 0.2797619046875 0.49603174531249994 0.278108465625 0.4833829359375 0.2804232796875 0.4789186515625 0.2800925921875 0.4697420640625 0.27447089999999996 0.4608134921875 0.2741402109375 0.455605159375 0.27447089999999996 0.450644840625 0.278439153125 0.4439484125 0.277447090625 0.43973214218749995 0.2804232796875 0.431299603125 0.2860449734375 0.4236111109375 0.2860449734375 0.419146825 0.285052909375 0.415674603125 0.2791005296875 0.40699404687499996 0.2754629625 0.40550595312500004 0.2678571421875 0.40699404687499996 0.2635582015625 0.41021825468750006 0.25694444375000003 0.41195436562500004 0.2476851859375 0.41741071406249997 0.23247354531250003 0.41790674531249994 0.22850529062499997 0.41989087343750003 0.2255291 0.4231150796875 0.21825396874999997 0.42633928593750003 0.208664021875 0.428075396875 0.2020502640625 0.43551587343750003 0.20271164062499997 0.437251984375 0.1994047625 0.43824404687499996 0.1947751328125 0.434523809375 0.190476190625 0.42757936562500004 0.1861772484375 0.4233630953125 0.1739417984375 0.419146825 0.14087301562500001 0.41592261875 0.12566137500000002 0.419394840625 0.12103174531250001 0.42385912656249997 0.1207010578125 0.4357638890625 0.12665343906249998 0.444196428125 0.13955026406249998 0.45114087343750003 0.15178571406250002 0.45262896875
0 0.37599206406249996 0.396825396875 0.384920634375 0.40029761875 0.384589946875 0.40426587343750003 0.39384920625 0.40550595312500004 0.400132275 0.40823412656249997 0.4050925921875 0.40848214218749995 0.4077380953125 0.41319444375 0.4136904765625 0.41493055625 0.415674603125 0.4233630953125 0.4140211640625 0.43526785781250005 0.4080687828125 0.439980159375 0.4050925921875 0.4389880953125 0.38062169375 0.437251984375 0.36871693125 0.43824404687499996 0.35648148125 0.4449404765625 0.349867725 0.44717261875 0.3455687828125 0.450396825 0.33399470937500003 0.453373015625 0.3293650796875 0.4585813484375 0.3296957671875 0.4613095234375 0.3333333328125 0.46478174531249994 0.3373015875 0.4637896828125 0.35052910000000004 0.46428571406249997 0.38723545000000004 0.459821428125 0.3998015875 0.4595734125 0.4044312171875 0.4613095234375 0.40707672031250003 0.46651785781250005 0.4136904765625 0.4742063484375 0.415013228125 0.48363095312500004 0.4203042328125 0.49007936562500004 0.42129629687500003 0.4945436515625 0.41798941875000006 0.5052083328125 0.4130291 0.50967261875 0.4117063484375 0.5136408734375 0.409060846875 0.51512896875 0.403439153125 0.525049603125 0.40244709062500006 0.5290178578125 0.3981481484375 0.5332341265625 0.40410052968750004 0.5354662703125 0.41203703750000004 0.5352182546875001 0.41600529062499997 0.5322420640625001 0.41964285781250005 0.531498015625 0.4229497359375 0.5260416671875 0.4328703703125 0.5173611109375 0.43353174531249994 0.5138888890625 0.4421296296875 0.5014880953125 0.446759259375 0.4895833328125 0.44973545000000004 0.48784722187499996 0.462632275 0.4858630953125 0.46660052968750004 0.4828869046875 0.46527777812500004 0.477678571875 0.46660052968750004 0.47271825468750006 0.46924603125 0.4702380953125 0.4672619046875 0.46825396875 0.4632936515625 0.4672619046875 0.465939153125 0.46304563437499996 0.4636243390625 0.446924603125 0.4546957671875 0.4392361109375 0.44345238125 0.43402777812500004 0.4391534390625 0.43402777812500004 0.4365079359375 0.4357638890625 0.42757936562500004 0.4295634921875 0.42757936562500004 0.424355159375 0.4236111109375 0.4201388890625 0.421957671875 0.4077380953125 0.42394179843749996 0.406001984375 0.427910053125 0.4050099203125 0.43419312187500003 0.39955357187499996 0.43683862500000004 0.3886408734375 0.4358465609375 0.38467261875 0.4295634921875 0.380704365625 0.421957671875 0.37847222187499996 0.41633597812499995 0.375 0.4140211640625 0.375 0.40178571406249997 0.3797123015625 0.3885582015625 0.3792162703125 0.375661375 0.3802083328125 0.359126984375 0.38467261875 0.359457671875 0.3886408734375 0.366402115625 0.3888888890625 0.3733465609375 0.390873015625 0.37599206406249996 0.396825396875
0 0.4391534390625 0.3541666671875 0.434523809375 0.3611111109375 0.43518518593750005 0.36631944375000003 0.4371693125 0.3670634921875 0.4391534390625 0.3700396828125 0.4388227515625 0.381200396875 0.44113756562499995 0.38392857187499996 0.4391534390625 0.3886408734375 0.43981481406249995 0.3891369046875 0.44146825468750006 0.38740079375 0.4457671953125 0.38616071406249997 0.4477513234375 0.3864087296875 0.45238095312500004 0.3945932546875 0.4540343921875 0.4050099203125 0.45502645468749997 0.40575396875 0.45667989374999995 0.4047619046875 0.46164021093749996 0.3990575390625 0.46428571406249997 0.39930555624999997 0.4675925921875 0.40252976250000005 0.477843915625 0.4050099203125 0.48247354531250003 0.4050099203125 0.4861111109375 0.4072420640625 0.5019841265625 0.406498015625 0.51917989375 0.4010416671875 0.5244709000000001 0.4010416671875 0.5324074078125001 0.4050099203125 0.5380290999999999 0.403521825 0.540674603125 0.40401785781250005 0.5492724875 0.40848214218749995 0.55621693125 0.41765872968749995 0.5644841265625 0.42509920625 0.577380953125 0.43030753906249997 0.5853174609375 0.4360119046875 0.5958994703125 0.4392361109375 0.6018518515625 0.444196428125 0.6226851859375 0.4479166671875 0.627645503125 0.44593253906249997 0.6329365078125 0.439980159375 0.63062169375 0.4310515875 0.6253306875 0.4233630953125 0.6236772484374999 0.41865079375 0.6164021156249999 0.40947420625 0.61276455 0.40029761875 0.6078042328125 0.39756944375000003 0.6025132281250001 0.3928571421875 0.596230159375 0.384424603125 0.5796957671875 0.374751984375 0.572089946875 0.368799603125 0.5555555562500001 0.3665674609375 0.549603175 0.3648313484375 0.5327380953125 0.3643353171875 0.53075396875 0.3635912703125 0.528108465625 0.35987103125000003 0.533730159375 0.349454365625 0.534722221875 0.3400297625 0.5429894187500001 0.32762896874999997 0.54365079375 0.3174603171875 0.5426587296875 0.3142361109375 0.5393518515625 0.3107638890625 0.5370370375 0.30902777812500004 0.5330687828125 0.309771825 0.5238095234375 0.315228175 0.515873015625 0.32862103125000003 0.5082671953125 0.3382936515625 0.5072751328125 0.341021825 0.5076058203125 0.3508598703125 0.5049603171875 0.3541666671875 0.49404761875 0.3516865078125 0.49007936562500004 0.3479662703125 0.4854497359375 0.346478175 0.484457671875 0.3415178578125 0.4768518515625 0.3263888890625 0.46924603125 0.32217261875 0.46164021093749996 0.3142361109375 0.453373015625 0.3087797625 0.440476190625 0.2948908734375 0.4358465609375 0.28819444375000003 0.43121693125 0.2867063484375 0.42890211562499997 0.29017857187499996 0.4292328046875 0.3172123015625 0.4371693125 0.3320932546875 0.43981481406249995 0.348296875 0.4391534390625 0.3541666671875
0 0.5641534390625 0.4831349203125 0.5671296296875 0.4858630953125 0.5701058203125 0.4925595234375 0.571759259375 0.4935515875 0.5710978843750001 0.4982638890625 0.572089946875 0.4987599203125 0.5691137562499999 0.50595238125 0.5641534390625 0.509920634375 0.559523809375 0.5176091265625 0.5621693125 0.521329365625 0.5671296296875 0.5238095234375 0.5697751328125 0.5272817453124999 0.572089946875 0.536954365625 0.5770502640624999 0.5364583328125 0.58134920625 0.5329861109375 0.584325396875 0.5324900796875001 0.5866402109375 0.5401785718750001 0.5833333328125 0.5543154765625 0.5694444437499999 0.5644841265625 0.5628306875 0.5729166671875 0.5615079359374999 0.580853175 0.5644841265625 0.593501984375 0.5714285718750001 0.5974702375 0.5800264546875 0.599950396875 0.596560846875 0.5989583328125 0.603835978125 0.599454365625 0.6177248671875 0.5957341265625 0.627645503125 0.5915178578125 0.6322751328125 0.5882936515625 0.640046296875 0.5876736109375 0.650132275 0.593501984375 0.6541005296875 0.593998015625 0.6577380953125 0.5959821421875 0.6709656078124999 0.596726190625 0.6765873015625 0.5954861109375 0.6792328046875 0.5920138890625 0.6785714281249999 0.587549603125 0.6749338625 0.5796130953125 0.6696428578125 0.5758928578125 0.6696428578125 0.5709325390625 0.6603835984375 0.55654761875 0.6544312171875 0.5523313484375 0.6524470906250001 0.5483630953125 0.653108465625 0.5384424609375 0.653769840625 0.5376984125 0.6613756609375 0.53720238125 0.6706349203124999 0.5386904765625 0.6736111109375 0.54092261875 0.697420634375 0.5416666671875 0.7053571421875 0.5401785718750001 0.7169312171875 0.5329861109375 0.7149470906250001 0.5292658734375 0.7046957671875 0.5267857140625 0.697420634375 0.5262896828125 0.6941137562499999 0.5243055562500001 0.6871693125 0.502480159375 0.677579365625 0.4952876984375 0.66865079375 0.493799603125 0.6617063484375 0.4945436515625 0.6577380953125 0.49603174531249994 0.6550925921874999 0.49429563437499996 0.6481481484375 0.49280753906249997 0.6458333328125 0.491071428125 0.6471560843749999 0.478174603125 0.6504629625 0.47445436562500004 0.65575396875 0.4623015875 0.6620370375 0.45634920625 0.6636904765625 0.45114087343750003 0.6633597890625 0.446924603125 0.6600529093749999 0.4451884921875 0.64417989375 0.443700396875 0.6319444437499999 0.446428571875 0.6230158734375 0.45089285781250005 0.61904761875 0.4546130953125 0.6167328046875 0.4605654765625 0.6134259265625001 0.46428571406249997 0.6081349203124999 0.466021825 0.5919312171875 0.466021825 0.587632275 0.46502976250000005 0.583994709375 0.4623015875 0.56878306875 0.4608134921875 0.5605158734375 0.46279761875 0.558862434375 0.46651785781250005 0.559854496875 0.47073412656249997 0.561838625 0.4737103171875 0.5641534390625 0.4831349203125
0 0.4451058203125 0.7931547625 0.4480820109375 0.79637896875 0.453373015625 0.7981150796875001 0.45899470937500003 0.8023313484375001 0.4543650796875 0.813244046875 0.453373015625 0.8226686515624999 0.4546957671875 0.8298611109375 0.4613095234375 0.8370535718750001 0.462632275 0.84697420625 0.46660052968750004 0.853174603125 0.4705687828125 0.8556547625 0.47453703750000004 0.8549107140625001 0.484126984375 0.8422619046875001 0.497354496875 0.8415178578125 0.50562169375 0.8348214281249999 0.5112433859375 0.8348214281249999 0.5137235453125 0.83643353125 0.514880953125 0.8395337296875001 0.514880953125 0.846230159375 0.51851851875 0.8554067453125 0.5195105812499999 0.86904761875 0.521825396875 0.871527778125 0.5248015875 0.8727678578125 0.5333994703125 0.872519840625 0.571759259375 0.8633432546875 0.575396825 0.8616071421875 0.5770502640624999 0.8571428578125 0.5750661375 0.84970238125 0.5750661375 0.8415178578125 0.5767195765625 0.8385416671874999 0.5770502640624999 0.8328373015625001 0.58101851875 0.8261408734375 0.5849867718749999 0.8241567453125 0.590608465625 0.8231646828124999 0.5995370375 0.8241567453125 0.6071428578125 0.8229166671874999 0.615079365625 0.8177083328125001 0.61937830625 0.813244046875 0.6233465609375 0.8112599203125 0.637896825 0.8077876984374999 0.64318783125 0.8043154765624999 0.6484788359375 0.802579365625 0.6620370375 0.7916666671875 0.6650132281250001 0.781001984375 0.66931216875 0.77529761875 0.6739417984375 0.7767857140625 0.68121693125 0.7884424609375 0.6855158734375 0.7916666671875 0.6891534390625 0.793402778125 0.6927910046875 0.7921626984375 0.7050264546875 0.7926587296875 0.712632275 0.7891865078125 0.7208994703125 0.7829861109375 0.7235449734375 0.775545634375 0.7235449734375 0.7710813484375 0.721891534375 0.7641369046875 0.71858465625 0.759920634375 0.708664021875 0.7564484125 0.69345238125 0.7462797625 0.6808862437500001 0.7408234125 0.6742724875 0.734375 0.6759259265625001 0.7321428578125 0.672288359375 0.72842261875 0.6640211640625 0.7266865078125 0.6541005296875 0.721726190625 0.634259259375 0.716269840625 0.565806878125 0.69072420625 0.552910053125 0.6698908734375 0.54398148125 0.6636904765625 0.5376984125 0.662450396875 0.53108465625 0.662450396875 0.5254629625 0.6641865078125 0.5248015875 0.666170634375 0.5264550265625 0.66865079375 0.534391534375 0.677579365625 0.5396825390625 0.6805555562500001 0.541005290625 0.6852678578125 0.54431216875 0.6862599203124999 0.5515873015625 0.6917162703125 0.5611772484374999 0.7011408734375 0.5605158734375 0.70907738125 0.5519179890625 0.7204861109375 0.5505952375 0.7239583328125 0.5535714281249999 0.737103175 0.54365079375 0.7636408734375 0.5396825390625 0.768105159375 0.533730159375 0.77157738125 0.5291005296875 0.7762896828125 0.5224867718749999 0.78075396875 0.5178571421875 0.7822420640625001 0.5125661375 0.781994046875 0.5112433859375 0.7827380953125 0.5076058203125 0.780505953125 0.5089285718750001 0.7795138890625 0.509259259375 0.7743055562500001 0.50562169375 0.75967261875 0.49007936562500004 0.7519841265625 0.4768518515625 0.762896825 0.471891534375 0.768353175 0.46957672031250003 0.76884920625 0.46792327968749997 0.7671130953125 0.459656084375 0.766369046875 0.450396825 0.7676091265625 0.4457671953125 0.7708333328125 0.44312169375000005 0.7745535718750001 0.44146825468750006 0.781001984375 0.43154761875 0.7886904765625 0.43055555625 0.79092261875 0.43154761875 0.793402778125 0.44113756562499995 0.7919146828125 0.4451058203125 0.7931547625
0 0.275132275 0.706101190625 0.28075396874999997 0.7100694437499999 0.28802910000000004 0.71279761875 0.2982804234375 0.7150297625 0.30357142812500004 0.7137896828125 0.30621693125 0.7118055562500001 0.31150793593750004 0.7135416671875 0.31845238125 0.7204861109375 0.31679894218750004 0.7237103171875 0.309854496875 0.7294146828125 0.30621693125 0.7366071421875 0.30555555624999997 0.7408234125 0.303240740625 0.743799603125 0.30357142812500004 0.7490079359374999 0.30588624375 0.75049603125 0.30902777812500004 0.750744046875 0.3125 0.75322420625 0.31150793593750004 0.75595238125 0.3072089953125 0.7584325390625 0.3005952375 0.7676091265625 0.3015873015625 0.7748015875 0.3005952375 0.7832341265625 0.303240740625 0.790674603125 0.30654761875 0.7956349203124999 0.3105158734375 0.79737103125 0.3148148140625 0.7978670640625001 0.3257275125 0.7956349203124999 0.3416005296875 0.7948908734375 0.3455687828125 0.7931547625 0.3511904765625 0.7881944437499999 0.35548941875 0.78720238125 0.35978835937500003 0.7879464281249999 0.365079365625 0.791170634375 0.3677248671875 0.787450396875 0.36805555624999997 0.7829861109375 0.365079365625 0.7700892859375 0.3617724875 0.763144840625 0.3700396828125 0.75 0.371362434375 0.7398313484375 0.3677248671875 0.72197420625 0.3611111109375 0.71279761875 0.35482804218749997 0.708829365625 0.3416005296875 0.706597221875 0.337632275 0.7075892859375 0.3333333328125 0.7108134921875 0.3267195765625 0.7123015875 0.3233025796875 0.710730903125 0.3197751328125 0.7078373015625 0.31812169375 0.703869046875 0.31349206406249996 0.7013888890625 0.3144841265625 0.6922123015625 0.31150793593750004 0.6855158734375 0.30621693125 0.681299603125 0.29398148125 0.6793154765625 0.2863756609375 0.674603175 0.2791005296875 0.674603175 0.2698412703125 0.6795634921875 0.2579365078125 0.6830357140625 0.25099206406249996 0.68700396875 0.24801587343749998 0.690228175 0.2476851859375 0.6976686515625 0.25 0.7008928578125 0.2698412703125 0.7041170640625001 0.275132275 0.706101190625
0 0.24801587343749998 0.7924107140625 0.25330687812499997 0.8020833328125001 0.25330687812499997 0.8075396828124999 0.2519841265625 0.8102678578125 0.2476851859375 0.8112599203125 0.24371693125 0.8144841265625 0.2387566140625 0.828125 0.2384259265625 0.8345734125 0.23611111093749998 0.8387896828124999 0.22850529062499997 0.841021825 0.2260803578125 0.8428405265625001 0.2199074078125 0.843998015625 0.21593915312499998 0.846478175 0.2132936515625 0.847222221875 0.208664021875 0.846726190625 0.2046957671875 0.8482142859374999 0.20039682499999997 0.853174603125 0.20105820156249998 0.8578869046875001 0.21263227499999998 0.865575396875 0.22056878281249997 0.865575396875 0.234457671875 0.862351190625 0.2453703703125 0.8556547625 0.253637565625 0.856894840625 0.272156084375 0.8541666671874999 0.2748015875 0.8554067453125 0.2860449734375 0.856894840625 0.2919973546875 0.859126984375 0.3005952375 0.8603670640625 0.30687830625 0.860119046875 0.321097884375 0.8546626984374999 0.3260582015625 0.849454365625 0.322420634375 0.84697420625 0.315476190625 0.8449900796875 0.309523809375 0.8417658734375 0.26521164062499997 0.7857142859375 0.2708333328125 0.7790178578125 0.2705026453125 0.775049603125 0.2642195765625 0.763144840625 0.25562169375 0.7549603171875 0.250661375 0.7522321421875 0.247023809375 0.7477678578125 0.24041005312500002 0.7452876984375 0.2357804234375 0.7455357140625 0.22387566093750003 0.7549603171875 0.21891534375 0.7666170640625001 0.21891534375 0.7790178578125 0.22453703749999998 0.7867063484375 0.23611111093749998 0.7924107140625 0.24801587343749998 0.7924107140625
0 0.134259259375 0.5885416671875 0.1481481484375 0.58779761875 0.1504629625 0.5922619046875 0.1421957671875 0.599454365625 0.1448412703125 0.603174603125 0.14417989375 0.6116071421875 0.14550264531249998 0.6267361109375 0.14781746093749998 0.635540675 0.146164021875 0.6396329359374999 0.1382275125 0.6423611109375 0.1375661375 0.646329365625 0.1329365078125 0.6515376984375 0.13062169375 0.662450396875 0.1263227515625 0.668402778125 0.1263227515625 0.6706349203124999 0.13260582031249998 0.672123015625 0.134589946875 0.6741071421875 0.1421957671875 0.6733630953125 0.14384920625 0.67237103125 0.146825396875 0.6701388890625 0.159391534375 0.65302579375 0.1626984125 0.6510416671875 0.16468253906250002 0.6458333328125 0.1678240734375 0.6448412703125 0.1835317453125 0.6495535718750001 0.190145503125 0.6542658734375 0.20800264531249998 0.65575396875 0.21825396874999997 0.65302579375 0.22850529062499997 0.6460813484375 0.2334656078125 0.63740079375 0.24107142812500001 0.63095238125 0.24470899531249998 0.6240079359374999 0.25562169375 0.615079365625 0.2572751328125 0.6113591265625 0.25595238125 0.60887896875 0.24404761874999997 0.6044146828125 0.2357804234375 0.6046626984375 0.227513228125 0.603174603125 0.22123015937499999 0.603174603125 0.215608465625 0.605902778125 0.209986771875 0.60615079375 0.197420634375 0.6024305562500001 0.1855158734375 0.6001984125 0.18154761875 0.6001984125 0.177910053125 0.6014384921875 0.171957671875 0.599950396875 0.1703042328125 0.5952380953125 0.17294973593750002 0.590277778125 0.18915343906249998 0.5803571421875 0.2007275125 0.577876984375 0.2146164015625 0.57217261875 0.21164021093750002 0.568700396875 0.20899470937500003 0.5677083328125 0.2043650796875 0.5677083328125 0.18915343906249998 0.5706845234375 0.177579365625 0.5768849203124999 0.17361111093749998 0.57762896875 0.166335978125 0.5835813484375 0.1574074078125 0.5865575390625 0.1547619046875 0.5860615078125 0.1521164015625 0.583829365625 0.134259259375 0.577876984375 0.12566137500000002 0.5701884921875 0.122354496875 0.5639880953125 0.12103174531250001 0.5491071421875 0.122354496875 0.5399305562500001 0.12103174531250001 0.5364583328125 0.11904761875 0.5357142859375 0.11507936562500001 0.5481150796875001 0.11507936562500001 0.562251984375 0.116402115625 0.568204365625 0.12665343906249998 0.5863095234375 0.134259259375 0.5885416671875
0 0 0.6636904765625 0.003637565625 0.6651785718750001 0.014550264062500002 0.6646825390625 0.0208333328125 0.6631944437499999 0.026620370312500002 0.6639384921875 0.052579365625 0.6614583328125 0.0608465609375 0.65947420625 0.0727513234375 0.65302579375 0.0796957671875 0.6574900796875001 0.08201058125 0.661954365625 0.0892857140625 0.6639384921875 0.0916005296875 0.665674603125 0.0929232796875 0.668898809375 0.0916005296875 0.6755952375 0.09424603125 0.6857638890625 0.0922619046875 0.6889880953125 0.0826719578125 0.6976686515625 0.07605820156250001 0.71279761875 0.0740740734375 0.722222221875 0.0770502640625 0.7323908734375 0.077380953125 0.7455357140625 0.0796957671875 0.7509920640625001 0.08630952343750001 0.7552083328125 0.0916005296875 0.755704365625 0.0952380953125 0.7549603171875 0.10714285781249999 0.747519840625 0.116071428125 0.740079365625 0.1253306875 0.728670634375 0.1296296296875 0.71825396875 0.1302910046875 0.705853175 0.12566137500000002 0.6894841265625 0.1207010578125 0.6862599203124999 0.11507936562500001 0.6855158734375 0.1144179890625 0.684027778125 0.110119046875 0.6827876984375 0.10714285781249999 0.67782738125 0.10714285781249999 0.6736111109375 0.109457671875 0.6676587296875 0.11342592656249999 0.661954365625 0.1230158734375 0.653769840625 0.12665343906249998 0.653273809375 0.13161375625 0.6460813484375 0.13260582031249998 0.6423611109375 0.127645503125 0.6388888890625 0.128306878125 0.6341765875 0.13194444375 0.6304563484375 0.140542328125 0.627976190625 0.1448412703125 0.6230158734375 0.1451719578125 0.61904761875 0.1425264546875 0.6143353171875 0.140211640625 0.603174603125 0.1369047625 0.6024305562500001 0.13128306875 0.60342261875 0.125 0.6076388890625 0.11276455 0.6103670640625001 0.09953703750000001 0.6160714281249999 0.0886243390625 0.6180555562500001 0.08134920625 0.6160714281249999 0.07638888906249999 0.609623015625 0.0707671953125 0.606894840625 0.06812169375 0.603670634375 0.0641534390625 0.6051587296875 0.06316137499999999 0.6073908734375 0.0667989421875 0.609623015625 0.06944444375 0.615079365625 0.0740740734375 0.618799603125 0.077380953125 0.624255953125 0.0767195765625 0.627728175 0.071759259375 0.6324404765625 0.0608465609375 0.6369047625 0.0489417984375 0.64012896875 0.0396825390625 0.64012896875 0.01818783125 0.643105159375 0.0049603171875 0.6488095234375 0.0019841265625 0.653521825 0 0.653769840625 0 0.6636904765625
1 0.284060846875 0.38095238125 0.290674603125 0.40426587343750003 0.30423280468749997 0.437748015625 0.3072089953125 0.4548611109375 0.3105158734375 0.4623015875 0.3148148140625 0.4640376984375 0.325396825 0.49007936562500004 0.328373015625 0.49404761875 0.3293650796875 0.49776785781250005 0.334325396875 0.5039682546875001 0.3373015875 0.5133928578125 0.339947090625 0.5171130953125 0.3445767203125 0.528769840625 0.34821428593750003 0.5332341265625 0.35846560781250003 0.561755953125 0.3544973546875 0.563244046875 0.3382936515625 0.5625 0.328373015625 0.563244046875 0.30588624375 0.5699404765625 0.296626984375 0.5714285718750001 0.2734788359375 0.5796130953125 0.2668650796875 0.583829365625 0.26917989375 0.5870535718750001 0.271164021875 0.5882936515625 0.275132275 0.5885416671875 0.2916666671875 0.580853175 0.309854496875 0.5768849203124999 0.3263888890625 0.5709325390625 0.3492063484375 0.5669642859375 0.3541666671875 0.5669642859375 0.365740740625 0.5709325390625 0.372023809375 0.5763888890625 0.3730158734375 0.5798611109375 0.3773148140625 0.5828373015625 0.384920634375 0.5858134921875 0.403769840625 0.5791170640625001 0.41203703750000004 0.5791170640625001 0.43386243437500005 0.575396825 0.4484126984375 0.575644840625 0.487103175 0.5739087296875 0.497023809375 0.5716765875 0.5016534390625 0.57217261875 0.509259259375 0.5701884921875 0.521494709375 0.5696924609375 0.537367725 0.5674603171875 0.552910053125 0.5642361109375 0.5515873015625 0.5605158734375 0.546626984375 0.55927579375 0.5291005296875 0.559027778125 0.5138888890625 0.56200396875 0.4986772484375 0.563244046875 0.4580026453125 0.565972221875 0.43386243437500005 0.565972221875 0.4080687828125 0.568204365625 0.39252645468749997 0.57217261875 0.384920634375 0.571924603125 0.38326719531250003 0.5709325390625 0.3753306875 0.56200396875 0.36904761875 0.55009920625 0.3624338625 0.54092261875 0.3521825390625 0.521329365625 0.3495370375 0.5136408734375 0.33697089999999996 0.491071428125 0.33267195781250003 0.4796626984375 0.33134920625 0.4704861109375 0.32705026406250004 0.46651785781250005 0.3204365078125 0.4548611109375 0.315476190625 0.43973214218749995 0.311838625 0.434771825 0.3111772484375 0.4298115078125 0.30423280468749997 0.4171626984375 0.3022486765625 0.408978175 0.29794973593749996 0.40054563437499996 0.2946428578125 0.38467261875 0.2890211640625 0.36904761875 0.2853835984375 0.35044642812500004 0.2860449734375 0.3293650796875 0.285052909375 0.3229166671875 0.2870370375 0.321924603125 0.2883597890625 0.309771825 0.29232804218749997 0.303075396875 0.291335978125 0.2991071421875 0.2870370375 0.3043154765625 0.285052909375 0.31200396874999997 0.2820767203125 0.31696428593750003 0.2827380953125 0.32142857187499996 0.28075396874999997 0.3328373015625 0.28174603125000003 0.3363095234375 0.2804232796875 0.346478175 0.28141534375 0.36532738125 0.284060846875 0.38095238125